Designation OSE;Localisation;Type de structure;Taille;Secteurs;Sous-secteurs;Activités;Extra - Fourniture de service;Extra - Établissement principal;Resultat;Points d'attention;Code
Oui;-;-;-;-;-;-;-;-;Régulée EE;#OSE, #MecanismeExemptionSecuriteNationale, #DORA;R1000
Non;France;Entreprise privée ou publique;Petite;Infrastructure numérique;-;Fournisseur de réseaux de communications électroniques publics;France;-;Régulée EI;#CriteresDePossibleInclusion, #MecanismeExemptionSecuriteNationale, #ResilienceEntiteCritique;R1001
Non;France;Entreprise privée ou publique;Petite;Infrastructure numérique;-;Fournisseur de réseaux de communications électroniques publics;Autres États membres de l'Union Européenne;-;Régulée, sans précision EE/EI;#TelecomAutresEMdelUEUniquement;R1002
Non;France;Entreprise privée ou publique;Petite;Infrastructure numérique;-;Fournisseur de réseaux de communications électroniques publics;Autres États hors Union Européenne;-;Non régulée;-;R1003
Non;France;Entreprise privée ou publique;Petite;Infrastructure numérique;-;Fournisseur de réseaux de communications électroniques publics;France + Autres États membres de l'Union Européenne;-;Régulée EI;#CriteresDePossibleInclusion, #TelecomFranceEtAutresEMdelUE, #MecanismeExemptionSecuriteNationale, #ResilienceEntiteCritique;R1004
Non;France;Entreprise privée ou publique;Petite;Infrastructure numérique;-;Fournisseur de réseaux de communications électroniques publics;France + Autres États hors Union Européenne;-;Régulée EI;#CriteresDePossibleInclusion, #MecanismeExemptionSecuriteNationale, #ResilienceEntiteCritique;R1005
Non;France;Entreprise privée ou publique;Petite;Infrastructure numérique;-;Fournisseur de réseaux de communications électroniques publics;Autres États membres de l'Union Européenne + Autres États hors Union Européenne;-;Régulée, sans précision EE/EI;#TelecomAutresEMdelUEUniquement;R1006
Non;France;Entreprise privée ou publique;Petite;Infrastructure numérique;-;Fournisseur de réseaux de communications électroniques publics;France + Autres États membres de l'Union Européenne + Autres États hors Union Européenne;-;Régulée EI;#CriteresDePossibleInclusion, #TelecomFranceEtAutresEMdelUE, #MecanismeExemptionSecuriteNationale, #ResilienceEntiteCritique;R1007
Non;France;Entreprise privée ou publique;Petite;Infrastructure numérique;-;Fournisseur de services de communications électroniques accessibles au public;France;-;Régulée EI;#CriteresDePossibleInclusion, #MecanismeExemptionSecuriteNationale, #ResilienceEntiteCritique;R1008
Non;France;Entreprise privée ou publique;Petite;Infrastructure numérique;-;Fournisseur de services de communications électroniques accessibles au public;Autres États membres de l'Union Européenne;-;Régulée, sans précision EE/EI;#TelecomAutresEMdelUEUniquement;R1009
Non;France;Entreprise privée ou publique;Petite;Infrastructure numérique;-;Fournisseur de services de communications électroniques accessibles au public;Autres États hors Union Européenne;-;Non régulée;-;R1010
Non;France;Entreprise privée ou publique;Petite;Infrastructure numérique;-;Fournisseur de services de communications électroniques accessibles au public;France + Autres États membres de l'Union Européenne;-;Régulée EI;#CriteresDePossibleInclusion, #TelecomFranceEtAutresEMdelUE, #MecanismeExemptionSecuriteNationale, #ResilienceEntiteCritique;R1011
Non;France;Entreprise privée ou publique;Petite;Infrastructure numérique;-;Fournisseur de services de communications électroniques accessibles au public;France + Autres États hors Union Européenne;-;Régulée EI;#CriteresDePossibleInclusion, #MecanismeExemptionSecuriteNationale, #ResilienceEntiteCritique;R1012
Non;France;Entreprise privée ou publique;Petite;Infrastructure numérique;-;Fournisseur de services de communications électroniques accessibles au public;Autres États membres de l'Union Européenne + Autres États hors Union Européenne;-;Régulée, sans précision EE/EI;#TelecomAutresEMdelUEUniquement;R1013
Non;France;Entreprise privée ou publique;Petite;Infrastructure numérique;-;Fournisseur de services de communications électroniques accessibles au public;France + Autres États membres de l'Union Européenne + Autres États hors Union Européenne;-;Régulée EI;#CriteresDePossibleInclusion, #TelecomFranceEtAutresEMdelUE, #MecanismeExemptionSecuriteNationale, #ResilienceEntiteCritique;R1014
Non;France;Entreprise privée ou publique;Petite;Infrastructure numérique;-;Fournisseur de services DNS, à l'exclusion des opérateurs de serveurs racines de noms de domaines;-;France;Régulée EE;#MecanismeExemptionSecuriteNationale;R1015
Non;France;Entreprise privée ou publique;Petite;Infrastructure numérique;-;Fournisseur de services DNS, à l'exclusion des opérateurs de serveurs racines de noms de domaines;-;Autres États membres de l'Union Européenne;Régulée, sans précision EE/EI;#NumeriqueEtabliEMUEhorsFrance ;R1016
Non;France;Entreprise privée ou publique;Petite;Infrastructure numérique;-;Registre de noms de domaines de premier niveau;-;France;Régulée EE;#MecanismeExemptionSecuriteNationale;R1017
Non;France;Entreprise privée ou publique;Petite;Infrastructure numérique;-;Registre de noms de domaines de premier niveau;-;Autres États membres de l'Union Européenne;Régulée, sans précision EE/EI;#NumeriqueEtabliEMUEhorsFrance ;R1018
Non;France;Entreprise privée ou publique;Petite;Infrastructure numérique;-;Fournisseur des services d'enregistrement de noms de domaine;-;France;Régulée, enregistrement seul;#EnregistrementNomsDeDomaine, #ResilienceEntiteCritique, #MecanismeExemptionSecuriteNationale;R1019
Non;France;Entreprise privée ou publique;Petite;Infrastructure numérique;-;Fournisseur des services d'enregistrement de noms de domaine;-;Autres États membres de l'Union Européenne;Régulée, sans précision EE/EI;#NumeriqueEtabliEMUEhorsFrance ;R1020
Non;France;Entreprise privée ou publique;Petite;Infrastructure numérique;-;Prestataire de service de confiance qualifié;-;-;Régulée EE;#MecanismeExemptionSecuriteNationale;R1021
Non;France;Entreprise privée ou publique;Petite;Infrastructure numérique;-;Prestataire de service de confiance non qualifié;-;-;Régulée EI;#CriteresDePossibleInclusion, #MecanismeExemptionSecuriteNationale, #ResilienceEntiteCritique;R1022
Non;France;Entreprise privée ou publique;Petite;Infrastructure numérique;-;Fournisseur de services d'informatique en nuage;-;-;Non régulée;#CriteresDePossibleInclusion, #ResilienceEntiteCritique;R1023
Non;France;Entreprise privée ou publique;Petite;Infrastructure numérique;-;Fournisseur de services de centres de données;-;-;Non régulée;#CriteresDePossibleInclusion, #ResilienceEntiteCritique;R1024
Non;France;Entreprise privée ou publique;Petite;Infrastructure numérique;-;Fournisseur de réseaux de diffusion de contenu;-;-;Non régulée;#CriteresDePossibleInclusion, #ResilienceEntiteCritique;R1025
Non;France;Entreprise privée ou publique;Petite;Infrastructure numérique;-;Fournisseur de points d'échange internet;-;-;Non régulée;#CriteresDePossibleInclusion, #ResilienceEntiteCritique;R1026
Non;France;Entreprise privée ou publique;Petite;Infrastructure numérique;-;Autre activité;-;-;Non régulée;#CriteresDePossibleInclusion, #ResilienceEntiteCritique;R1027
Non;France;Entreprise privée ou publique;Petite;Banques (secteur bancaire);-;-;-;-;Non régulée;#CriteresDePossibleInclusion, #DORA, #ResilienceEntiteCritique;R1028
Non;France;Entreprise privée ou publique;Petite;Eau potable;-;-;-;-;Non régulée;#CriteresDePossibleInclusion, #ResilienceEntiteCritique;R1029
Non;France;Entreprise privée ou publique;Petite;Eaux usées;-;-;-;-;Non régulée;#CriteresDePossibleInclusion, #ResilienceEntiteCritique;R1030
Non;France;Entreprise privée ou publique;Petite;Énergie;-;-;-;-;Non régulée;#CriteresDePossibleInclusion, #ResilienceEntiteCritique;R1031
Non;France;Entreprise privée ou publique;Petite;Espace;-;-;-;-;Non régulée;#CriteresDePossibleInclusion, #ResilienceEntiteCritique;R1032
Non;France;Entreprise privée ou publique;Petite;Fabrication;-;-;-;-;Non régulée;#CriteresDePossibleInclusion, #ResilienceEntiteCritique;R1033
Non;France;Entreprise privée ou publique;Petite;Fabrication, production et distribution de produits chimiques;-;-;-;-;Non régulée;#CriteresDePossibleInclusion, #ResilienceEntiteCritique;R1034
Non;France;Entreprise privée ou publique;Petite;Fournisseurs numériques;-;-;-;-;Non régulée;#CriteresDePossibleInclusion, #ResilienceEntiteCritique;R1035
Non;France;Entreprise privée ou publique;Petite;Gestion des déchets;-;-;-;-;Non régulée;#CriteresDePossibleInclusion, #ResilienceEntiteCritique;R1036
Non;France;Entreprise privée ou publique;Petite;Gestion des services TIC;-;-;-;-;Non régulée;#CriteresDePossibleInclusion, #ResilienceEntiteCritique;R1037
Non;France;Entreprise privée ou publique;Petite;Infrastructure des marchés financiers;-;-;-;-;Non régulée;#CriteresDePossibleInclusion, #DORA, #ResilienceEntiteCritique;R1038
Non;France;Entreprise privée ou publique;Petite;Production transformation et distribution de denrées alimentaires;-;-;-;-;Non régulée;#CriteresDePossibleInclusion, #ResilienceEntiteCritique;R1039
Non;France;Entreprise privée ou publique;Petite;Recherche;-;-;-;-;Non régulée;#CriteresDePossibleInclusion, #ResilienceEntiteCritique;R1040
Non;France;Entreprise privée ou publique;Petite;Santé;-;-;-;-;Non régulée;#CriteresDePossibleInclusion, #ResilienceEntiteCritique;R1041
Non;France;Entreprise privée ou publique;Petite;Services postaux et d'expédition;-;-;-;-;Non régulée;#CriteresDePossibleInclusion, #ResilienceEntiteCritique;R1042
Non;France;Entreprise privée ou publique;Petite;Transports;-;-;-;-;Non régulée;#CriteresDePossibleInclusion, #ResilienceEntiteCritique;R1043
Non;France;Entreprise privée ou publique;Petite;Autre secteur d'activité;-;-;-;-;Non régulée;-;R1044
Non;France;Entreprise privée ou publique;Moyenne;Infrastructure numérique;-;Fournisseur de réseaux de communications électroniques publics;France;-;Régulée EE;#MecanismeExemptionSecuriteNationale;R1045
Non;France;Entreprise privée ou publique;Moyenne;Infrastructure numérique;-;Fournisseur de réseaux de communications électroniques publics;Autres États membres de l'Union Européenne;-;Régulée, sans précision EE/EI;#TelecomAutresEMdelUEUniquement;R1046
Non;France;Entreprise privée ou publique;Moyenne;Infrastructure numérique;-;Fournisseur de réseaux de communications électroniques publics;Autres États hors Union Européenne;-;Non régulée;-;R1047
Non;France;Entreprise privée ou publique;Moyenne;Infrastructure numérique;-;Fournisseur de réseaux de communications électroniques publics;France + Autres États membres de l'Union Européenne;-;Régulée EE;#TelecomFranceEtAutresEMdelUE, #MecanismeExemptionSecuriteNationale;R1048
Non;France;Entreprise privée ou publique;Moyenne;Infrastructure numérique;-;Fournisseur de réseaux de communications électroniques publics;France + Autres États hors Union Européenne;-;Régulée EE;#MecanismeExemptionSecuriteNationale;R1049
Non;France;Entreprise privée ou publique;Moyenne;Infrastructure numérique;-;Fournisseur de réseaux de communications électroniques publics;Autres États membres de l'Union Européenne + Autres États hors Union Européenne;-;Régulée, sans précision EE/EI;#TelecomAutresEMdelUEUniquement;R1050
Non;France;Entreprise privée ou publique;Moyenne;Infrastructure numérique;-;Fournisseur de réseaux de communications électroniques publics;France + Autres États membres de l'Union Européenne + Autres États hors Union Européenne;-;Régulée EE;#TelecomFranceEtAutresEMdelUE, #MecanismeExemptionSecuriteNationale;R1051
Non;France;Entreprise privée ou publique;Moyenne;Infrastructure numérique;-;Fournisseur de services de communications électroniques accessibles au public;France;-;Régulée EE;#MecanismeExemptionSecuriteNationale;R1052
Non;France;Entreprise privée ou publique;Moyenne;Infrastructure numérique;-;Fournisseur de services de communications électroniques accessibles au public;Autres États membres de l'Union Européenne;-;Régulée, sans précision EE/EI;#TelecomAutresEMdelUEUniquement;R1053
Non;France;Entreprise privée ou publique;Moyenne;Infrastructure numérique;-;Fournisseur de services de communications électroniques accessibles au public;Autres États hors Union Européenne;-;Non régulée;-;R1054
Non;France;Entreprise privée ou publique;Moyenne;Infrastructure numérique;-;Fournisseur de services de communications électroniques accessibles au public;France + Autres États membres de l'Union Européenne;-;Régulée EE;#TelecomFranceEtAutresEMdelUE, #MecanismeExemptionSecuriteNationale;R1055
Non;France;Entreprise privée ou publique;Moyenne;Infrastructure numérique;-;Fournisseur de services de communications électroniques accessibles au public;France + Autres États hors Union Européenne;-;Régulée EE;#MecanismeExemptionSecuriteNationale;R1056
Non;France;Entreprise privée ou publique;Moyenne;Infrastructure numérique;-;Fournisseur de services de communications électroniques accessibles au public;Autres États membres de l'Union Européenne + Autres États hors Union Européenne;-;Régulée, sans précision EE/EI;#TelecomAutresEMdelUEUniquement;R1057
Non;France;Entreprise privée ou publique;Moyenne;Infrastructure numérique;-;Fournisseur de services de communications électroniques accessibles au public;France + Autres États membres de l'Union Européenne + Autres États hors Union Européenne;-;Régulée EE;#TelecomFranceEtAutresEMdelUE, #MecanismeExemptionSecuriteNationale;R1058
Non;France;Entreprise privée ou publique;Moyenne;Infrastructure numérique;-;Fournisseur de services DNS, à l'exclusion des opérateurs de serveurs racines de noms de domaines;-;France;Régulée EE;#MecanismeExemptionSecuriteNationale;R1059
Non;France;Entreprise privée ou publique;Moyenne;Infrastructure numérique;-;Fournisseur de services DNS, à l'exclusion des opérateurs de serveurs racines de noms de domaines;-;Autres États membres de l'Union Européenne;Régulée, sans précision EE/EI;#NumeriqueEtabliEMUEhorsFrance ;R1060
Non;France;Entreprise privée ou publique;Moyenne;Infrastructure numérique;-;Registre de noms de domaines de premier niveau;-;France;Régulée EE;#MecanismeExemptionSecuriteNationale;R1061
Non;France;Entreprise privée ou publique;Moyenne;Infrastructure numérique;-;Registre de noms de domaines de premier niveau;-;Autres États membres de l'Union Européenne;Régulée, sans précision EE/EI;#NumeriqueEtabliEMUEhorsFrance ;R1062
Non;France;Entreprise privée ou publique;Moyenne;Infrastructure numérique;-;Fournisseur de services d'informatique en nuage;-;France;Régulée EI;#CriteresDePossibleInclusion, #MecanismeExemptionSecuriteNationale, #ResilienceEntiteCritique;R1063
Non;France;Entreprise privée ou publique;Moyenne;Infrastructure numérique;-;Fournisseur de services d'informatique en nuage;-;Autres États membres de l'Union Européenne;Régulée, sans précision EE/EI;#NumeriqueEtabliEMUEhorsFrance ;R1064
Non;France;Entreprise privée ou publique;Moyenne;Infrastructure numérique;-;Fournisseur de services de centres de données;-;France;Régulée EI;#CriteresDePossibleInclusion, #MecanismeExemptionSecuriteNationale, #ResilienceEntiteCritique;R1065
Non;France;Entreprise privée ou publique;Moyenne;Infrastructure numérique;-;Fournisseur de services de centres de données;-;Autres États membres de l'Union Européenne;Régulée, sans précision EE/EI;#NumeriqueEtabliEMUEhorsFrance ;R1066
Non;France;Entreprise privée ou publique;Moyenne;Infrastructure numérique;-;Fournisseur de réseaux de diffusion de contenu;-;France;Régulée EI;#CriteresDePossibleInclusion, #MecanismeExemptionSecuriteNationale, #ResilienceEntiteCritique;R1067
Non;France;Entreprise privée ou publique;Moyenne;Infrastructure numérique;-;Fournisseur de réseaux de diffusion de contenu;-;Autres États membres de l'Union Européenne;Régulée, sans précision EE/EI;#NumeriqueEtabliEMUEhorsFrance ;R1068
Non;France;Entreprise privée ou publique;Moyenne;Infrastructure numérique;-;Fournisseur des services d'enregistrement de noms de domaine;-;France;Régulée, enregistrement seul;#EnregistrementNomsDeDomaine, #ResilienceEntiteCritique, #MecanismeExemptionSecuriteNationale;R1069
Non;France;Entreprise privée ou publique;Moyenne;Infrastructure numérique;-;Fournisseur des services d'enregistrement de noms de domaine;-;Autres États membres de l'Union Européenne;Régulée, sans précision EE/EI;#NumeriqueEtabliEMUEhorsFrance ;R1070
Non;France;Entreprise privée ou publique;Moyenne;Infrastructure numérique;-;Prestataire de service de confiance qualifié;-;-;Régulée EE;#MecanismeExemptionSecuriteNationale;R1071
Non;France;Entreprise privée ou publique;Moyenne;Infrastructure numérique;-;Prestataire de service de confiance non qualifié;-;-;Régulée EI;#CriteresDePossibleInclusion, #MecanismeExemptionSecuriteNationale, #ResilienceEntiteCritique;R1072
Non;France;Entreprise privée ou publique;Moyenne;Infrastructure numérique;-;Fournisseur de points d'échange internet;-;-;Régulée EI;#CriteresDePossibleInclusion, #MecanismeExemptionSecuriteNationale, #ResilienceEntiteCritique;R1073
Non;France;Entreprise privée ou publique;Moyenne;Infrastructure numérique;-;Autre activité;-;-;Non régulée;#CriteresDePossibleInclusion, #ResilienceEntiteCritique;R1074
Non;France;Entreprise privée ou publique;Moyenne;Gestion des services TIC;-;Fournisseur de services gérés;-;France;Régulée EI;#MecanismeExemptionSecuriteNationale, #CriteresDePossibleInclusion, #ResilienceEntiteCritique;R1075
Non;France;Entreprise privée ou publique;Moyenne;Gestion des services TIC;-;Fournisseur de services gérés;-;Autres États membres de l'Union Européenne;Régulée, sans précision EE/EI;#NumeriqueEtabliEMUEhorsFrance ;R1076
Non;France;Entreprise privée ou publique;Moyenne;Gestion des services TIC;-;Fournisseur de services de sécurité gérés;-;France;Régulée EI;#MecanismeExemptionSecuriteNationale, #CriteresDePossibleInclusion, #ResilienceEntiteCritique;R1077
Non;France;Entreprise privée ou publique;Moyenne;Gestion des services TIC;-;Fournisseur de services de sécurité gérés;-;Autres États membres de l'Union Européenne;Régulée, sans précision EE/EI;#NumeriqueEtabliEMUEhorsFrance ;R1078
Non;France;Entreprise privée ou publique;Moyenne;Gestion des services TIC;-;Autre activité;-;-;Non régulée;#CriteresDePossibleInclusion, #ResilienceEntiteCritique;R1079
Non;France;Entreprise privée ou publique;Moyenne;Fournisseurs numériques;-;Fournisseur de places de marché en ligne;-;France;Régulée EI;#MecanismeExemptionSecuriteNationale, #CriteresDePossibleInclusion, #ResilienceEntiteCritique;R1080
Non;France;Entreprise privée ou publique;Moyenne;Fournisseurs numériques;-;Fournisseur de places de marché en ligne;-;Autres États membres de l'Union Européenne;Régulée, sans précision EE/EI;#NumeriqueEtabliEMUEhorsFrance ;R1081
Non;France;Entreprise privée ou publique;Moyenne;Fournisseurs numériques;-;Fournisseur de moteurs de recherche en ligne;-;France;Régulée EI;#MecanismeExemptionSecuriteNationale, #CriteresDePossibleInclusion, #ResilienceEntiteCritique;R1082
Non;France;Entreprise privée ou publique;Moyenne;Fournisseurs numériques;-;Fournisseur de moteurs de recherche en ligne;-;Autres États membres de l'Union Européenne;Régulée, sans précision EE/EI;#NumeriqueEtabliEMUEhorsFrance ;R1083
Non;France;Entreprise privée ou publique;Moyenne;Fournisseurs numériques;-;Fournisseur de plateformes de services de réseaux sociaux;-;France;Régulée EI;#MecanismeExemptionSecuriteNationale, #CriteresDePossibleInclusion, #ResilienceEntiteCritique;R1084
Non;France;Entreprise privée ou publique;Moyenne;Fournisseurs numériques;-;Fournisseur de plateformes de services de réseaux sociaux;-;Autres États membres de l'Union Européenne;Régulée, sans précision EE/EI;#NumeriqueEtabliEMUEhorsFrance ;R1085
Non;France;Entreprise privée ou publique;Moyenne;Fournisseurs numériques;-;Autre activité;-;-;Non régulée;#CriteresDePossibleInclusion, #ResilienceEntiteCritique;R1086
Non;France;Entreprise privée ou publique;Moyenne;Banques (secteur bancaire);-;Établissements de crédit;-;-;Régulée EI;#CriteresDePossibleInclusion, #MecanismeExemptionSecuriteNationale, #ResilienceEntiteCritique, #DORA;R1087
Non;France;Entreprise privée ou publique;Moyenne;Banques (secteur bancaire);-;Autre activité;-;-;Non régulée;#CriteresDePossibleInclusion, #DORA, #ResilienceEntiteCritique;R1088
Non;France;Entreprise privée ou publique;Moyenne;Eau potable;-;Fournisseurs et distributeurs d'eaux destinées à la consommation humaine, à l'exclusion des distributeurs pour lesquels la distribution d'eaux destinées à la consommation humaine constitue une partie non essentielle de leur activité générale de distribution d'autres produits et biens;-;-;Régulée EI;#CriteresDePossibleInclusion, #MecanismeExemptionSecuriteNationale, #ResilienceEntiteCritique;R1089
Non;France;Entreprise privée ou publique;Moyenne;Eau potable;-;Autre activité;-;-;Non régulée;#CriteresDePossibleInclusion, #ResilienceEntiteCritique;R1090
Non;France;Entreprise privée ou publique;Moyenne;Eaux usées;-;Entreprises collectant, évacuant ou traitant les eaux urbaines résiduaires, les eaux ménagères usées ou les eaux industrielles usées, à l'exclusion des entreprises pour lesquelles la collecte, l'évacuation ou le traitement des eaux urbaines résiduaires, des eaux ménagères usées ou des eaux industrielles usées constituent une partie non essentielle de leur activité générale;-;-;Régulée EI;#CriteresDePossibleInclusion, #MecanismeExemptionSecuriteNationale, #ResilienceEntiteCritique;R1091
Non;France;Entreprise privée ou publique;Moyenne;Eaux usées;-;Autre activité;-;-;Non régulée;#CriteresDePossibleInclusion, #ResilienceEntiteCritique;R1092
Non;France;Entreprise privée ou publique;Moyenne;Énergie;Électricité;Acteurs du marché fournissant des services d'agrégation, de participation active de la demande ou de stockage d'énergie;-;-;Régulée EI;#CriteresDePossibleInclusion, #MecanismeExemptionSecuriteNationale, #ResilienceEntiteCritique;R1093
Non;France;Entreprise privée ou publique;Moyenne;Énergie;Électricité;Entreprise d'électricité remplissant une fonction de fourniture;-;-;Régulée EI;#CriteresDePossibleInclusion, #MecanismeExemptionSecuriteNationale, #ResilienceEntiteCritique;R1094
Non;France;Entreprise privée ou publique;Moyenne;Énergie;Électricité;Exploitants d'un point de recharge qui sont responsables de la gestion et de l'exploitation d'un point de recharge, lequel fournit un service de recharge aux utilisateurs finals, y compris au nom et pour le compte d'un prestataire de services de mobilité;-;-;Régulée EI;#CriteresDePossibleInclusion, #MecanismeExemptionSecuriteNationale, #ResilienceEntiteCritique;R1095
Non;France;Entreprise privée ou publique;Moyenne;Énergie;Électricité;Gestionnaire de réseau de distribution;-;-;Régulée EI;#CriteresDePossibleInclusion, #MecanismeExemptionSecuriteNationale, #ResilienceEntiteCritique;R1096
Non;France;Entreprise privée ou publique;Moyenne;Énergie;Électricité;Gestionnaire de réseau de transport;-;-;Régulée EI;#CriteresDePossibleInclusion, #MecanismeExemptionSecuriteNationale, #ResilienceEntiteCritique;R1097
Non;France;Entreprise privée ou publique;Moyenne;Énergie;Électricité;Opérateur désigné du marché ou NEMO;-;-;Régulée EI;#CriteresDePossibleInclusion, #MecanismeExemptionSecuriteNationale, #ResilienceEntiteCritique;R1098
Non;France;Entreprise privée ou publique;Moyenne;Énergie;Électricité;Producteurs;-;-;Régulée EI;#CriteresDePossibleInclusion, #MecanismeExemptionSecuriteNationale, #ResilienceEntiteCritique;R1099
Non;France;Entreprise privée ou publique;Moyenne;Énergie;Électricité;Autre activité;-;-;Non régulée;#CriteresDePossibleInclusion, #ResilienceEntiteCritique;R1100
Non;France;Entreprise privée ou publique;Moyenne;Énergie;Gaz;Entreprises de fourniture;-;-;Régulée EI;#CriteresDePossibleInclusion, #MecanismeExemptionSecuriteNationale, #ResilienceEntiteCritique;R1101
Non;France;Entreprise privée ou publique;Moyenne;Énergie;Gaz;Gestionnaires de réseau de distribution;-;-;Régulée EI;#CriteresDePossibleInclusion, #MecanismeExemptionSecuriteNationale, #ResilienceEntiteCritique;R1102
Non;France;Entreprise privée ou publique;Moyenne;Énergie;Gaz;Gestionnaire de réseau de transport;-;-;Régulée EI;#CriteresDePossibleInclusion, #MecanismeExemptionSecuriteNationale, #ResilienceEntiteCritique;R1103
Non;France;Entreprise privée ou publique;Moyenne;Énergie;Gaz;Gestionnaires d'installation de stockage;-;-;Régulée EI;#CriteresDePossibleInclusion, #MecanismeExemptionSecuriteNationale, #ResilienceEntiteCritique;R1104
Non;France;Entreprise privée ou publique;Moyenne;Énergie;Gaz;Gestionnaires d'installation de GNL;-;-;Régulée EI;#CriteresDePossibleInclusion, #MecanismeExemptionSecuriteNationale, #ResilienceEntiteCritique;R1105
Non;France;Entreprise privée ou publique;Moyenne;Énergie;Gaz;Autre activité;-;-;Non régulée;#CriteresDePossibleInclusion, #ResilienceEntiteCritique;R1106
Non;France;Entreprise privée ou publique;Moyenne;Énergie;Hydrogène;Exploitants de systèmes de production, de stockage et de transport d'hydrogène;-;-;Régulée EI;#CriteresDePossibleInclusion, #MecanismeExemptionSecuriteNationale, #ResilienceEntiteCritique;R1107
Non;France;Entreprise privée ou publique;Moyenne;Énergie;Hydrogène;Autre activité;-;-;Non régulée;#CriteresDePossibleInclusion, #ResilienceEntiteCritique;R1108
Non;France;Entreprise privée ou publique;Moyenne;Énergie;Pétrole;Exploitants d'oléoducs;-;-;Régulée EI;#CriteresDePossibleInclusion, #MecanismeExemptionSecuriteNationale, #ResilienceEntiteCritique;R1109
Non;France;Entreprise privée ou publique;Moyenne;Énergie;Pétrole;Exploitants d'installations de production, de raffinage, de traitement, de stockage et de transport de pétrole;-;-;Régulée EI;#CriteresDePossibleInclusion, #MecanismeExemptionSecuriteNationale, #ResilienceEntiteCritique;R1110
Non;France;Entreprise privée ou publique;Moyenne;Énergie;Pétrole;Entités centrales de stockage;-;-;Régulée EI;#CriteresDePossibleInclusion, #MecanismeExemptionSecuriteNationale, #ResilienceEntiteCritique;R1111
Non;France;Entreprise privée ou publique;Moyenne;Énergie;Pétrole;Autre activité;-;-;Non régulée;#CriteresDePossibleInclusion, #ResilienceEntiteCritique;R1112
Non;France;Entreprise privée ou publique;Moyenne;Énergie;Réseaux de chaleur et de froid;Opérateurs de réseaux de chaleur ou de réseaux de froid;-;-;Régulée EI;#CriteresDePossibleInclusion, #MecanismeExemptionSecuriteNationale, #ResilienceEntiteCritique;R1113
Non;France;Entreprise privée ou publique;Moyenne;Énergie;Réseaux de chaleur et de froid;Autre activité;-;-;Non régulée;#CriteresDePossibleInclusion, #ResilienceEntiteCritique;R1114
Non;France;Entreprise privée ou publique;Moyenne;Énergie;Autre sous-secteur;-;-;-;Non régulée;#CriteresDePossibleInclusion, #ResilienceEntiteCritique;R1115
Non;France;Entreprise privée ou publique;Moyenne;Espace;-;Exploitants d'infrastructures terrestres, détenues, gérées et exploitées par des États membres ou par des parties privées, qui soutiennent la fourniture de services spatiaux, à l'exclusion des fournisseurs de réseaux de communications électroniques publics;-;-;Régulée EI;#CriteresDePossibleInclusion, #MecanismeExemptionSecuriteNationale, #ResilienceEntiteCritique;R1116
Non;France;Entreprise privée ou publique;Moyenne;Espace;-;Autre activité;-;-;Non régulée;#CriteresDePossibleInclusion, #ResilienceEntiteCritique;R1117
Non;France;Entreprise privée ou publique;Moyenne;Fabrication;Fabrication de dispositifs médicaux et de dispositifs médicaux de diagnostic in vitro;Entités fabriquant des dispositifs médicaux et entités fabriquant des dispositifs médicaux de diagnostic in vitro, à l'exception des entités fabriquant des dispositifs médicaux mentionnés à l'annexe I, point 5, cinquième tiret, de la présente directive;-;-;Régulée EI;#CriteresDePossibleInclusion, #MecanismeExemptionSecuriteNationale, #ResilienceEntiteCritique;R1118
Non;France;Entreprise privée ou publique;Moyenne;Fabrication;Fabrication de dispositifs médicaux et de dispositifs médicaux de diagnostic in vitro;Autre activité;-;-;Non régulée;#CriteresDePossibleInclusion, #ResilienceEntiteCritique;R1119
Non;France;Entreprise privée ou publique;Moyenne;Fabrication;Fabrication d'équipements électriques;Fabrication de moteurs, génératrices et transformateurs électriques et de matériel de distribution et de commande électrique;-;-;Régulée EI;#CriteresDePossibleInclusion, #MecanismeExemptionSecuriteNationale, #ResilienceEntiteCritique;R1120
Non;France;Entreprise privée ou publique;Moyenne;Fabrication;Fabrication d'équipements électriques;Fabrication de piles et d'accumulateurs électriques;-;-;Régulée EI;#CriteresDePossibleInclusion, #MecanismeExemptionSecuriteNationale, #ResilienceEntiteCritique;R1121
Non;France;Entreprise privée ou publique;Moyenne;Fabrication;Fabrication d'équipements électriques;Fabrication de fils et câbles et de matériel d'installation électrique - Fabrication de câbles de fibres optiques - Fabrication d'autres fils et câbles électroniques ou électriques - Fabrication de matériel d'installation électrique;-;-;Régulée EI;#CriteresDePossibleInclusion, #MecanismeExemptionSecuriteNationale, #ResilienceEntiteCritique;R1122
Non;France;Entreprise privée ou publique;Moyenne;Fabrication;Fabrication d'équipements électriques;Fabrication d'appareils d'éclairage;-;-;Régulée EI;#CriteresDePossibleInclusion, #MecanismeExemptionSecuriteNationale, #ResilienceEntiteCritique;R1123
Non;France;Entreprise privée ou publique;Moyenne;Fabrication;Fabrication d'équipements électriques;Fabrication d'appareils ménagers - Fabrication d'appareils électroménagers - Fabrication d'appareils ménagers non électriques;-;-;Régulée EI;#CriteresDePossibleInclusion, #MecanismeExemptionSecuriteNationale, #ResilienceEntiteCritique;R1124
Non;France;Entreprise privée ou publique;Moyenne;Fabrication;Fabrication d'équipements électriques;Autre activité;-;-;Non régulée;#CriteresDePossibleInclusion, #ResilienceEntiteCritique;R1125
Non;France;Entreprise privée ou publique;Moyenne;Fabrication;Fabrication de produits informatiques, électroniques et optiques;Fabrication de produits informatiques, électroniques et optiques;-;-;Régulée EI;#CriteresDePossibleInclusion, #MecanismeExemptionSecuriteNationale, #ResilienceEntiteCritique;R1126
Non;France;Entreprise privée ou publique;Moyenne;Fabrication;Fabrication de produits informatiques, électroniques et optiques;Fabrication de composants et cartes électroniques - Fabrication de composants électroniques - Fabrication de cartes électroniques assemblées;-;-;Régulée EI;#CriteresDePossibleInclusion, #MecanismeExemptionSecuriteNationale, #ResilienceEntiteCritique;R1127
Non;France;Entreprise privée ou publique;Moyenne;Fabrication;Fabrication de produits informatiques, électroniques et optiques;Fabrication d'ordinateurs et d'équipements périphériques;-;-;Régulée EI;#CriteresDePossibleInclusion, #MecanismeExemptionSecuriteNationale, #ResilienceEntiteCritique;R1128
Non;France;Entreprise privée ou publique;Moyenne;Fabrication;Fabrication de produits informatiques, électroniques et optiques;Fabrication d'équipements de communication;-;-;Régulée EI;#CriteresDePossibleInclusion, #MecanismeExemptionSecuriteNationale, #ResilienceEntiteCritique;R1129
Non;France;Entreprise privée ou publique;Moyenne;Fabrication;Fabrication de produits informatiques, électroniques et optiques;Fabrication de produits électroniques grand public;-;-;Régulée EI;#CriteresDePossibleInclusion, #MecanismeExemptionSecuriteNationale, #ResilienceEntiteCritique;R1130
Non;France;Entreprise privée ou publique;Moyenne;Fabrication;Fabrication de produits informatiques, électroniques et optiques;"Fabrication d'instruments de mesure, d'essai et de navigation ; horlogerie";-;-;Régulée EI;#CriteresDePossibleInclusion, #MecanismeExemptionSecuriteNationale, #ResilienceEntiteCritique;R1131
Non;France;Entreprise privée ou publique;Moyenne;Fabrication;Fabrication de produits informatiques, électroniques et optiques;Fabrication d'équipements d'irradiation médicale, d'équipements électromédicaux et électrothérapeutiques;-;-;Régulée EI;#CriteresDePossibleInclusion, #MecanismeExemptionSecuriteNationale, #ResilienceEntiteCritique;R1132
Non;France;Entreprise privée ou publique;Moyenne;Fabrication;Fabrication de produits informatiques, électroniques et optiques;Fabrication de matériels optique et photographique et de supports magnétiques et optiques;-;-;Régulée EI;#CriteresDePossibleInclusion, #MecanismeExemptionSecuriteNationale, #ResilienceEntiteCritique;R1133
Non;France;Entreprise privée ou publique;Moyenne;Fabrication;Fabrication de produits informatiques, électroniques et optiques;Autre activité;-;-;Non régulée;#CriteresDePossibleInclusion, #ResilienceEntiteCritique;R1134
Non;France;Entreprise privée ou publique;Moyenne;Fabrication;Fabrication de machines et équipements n.c.a.;Fabrication de machines et équipements n.c.a.;-;-;Régulée EI;#CriteresDePossibleInclusion, #MecanismeExemptionSecuriteNationale, #ResilienceEntiteCritique;R1135
Non;France;Entreprise privée ou publique;Moyenne;Fabrication;Fabrication de machines et équipements n.c.a.;Fabrication de machines d'usage général - Fabrication de moteurs et turbines, à l'exception des moteurs d'avions et de véhicules - Fabrication d'équipements hydrauliques et pneumatiques - Fabrication d'autres pompes et compresseurs - Fabrication d'autres articles de robinetterie - Fabrication d'engrenages et d'organes mécaniques de transmission;-;-;Régulée EI;#CriteresDePossibleInclusion, #MecanismeExemptionSecuriteNationale, #ResilienceEntiteCritique;R1136
Non;France;Entreprise privée ou publique;Moyenne;Fabrication;Fabrication de machines et équipements n.c.a.;Fabrication d'autres machines d'usage général - Fabrication de fours et brûleurs et d'équipements fixes de chauffage domestique - Fabrication de matériel de levage et de manutention - Fabrication de machines et d'équipements de bureau (à l'exception des ordinateurs et équipements périphériques) - Fabrication d'outillage portatif à moteur incorporé - Fabrication d'équipements aérauliques et frigorifiques industriels - Fabrication de machines diverses d'usage général;-;-;Régulée EI;#CriteresDePossibleInclusion, #MecanismeExemptionSecuriteNationale, #ResilienceEntiteCritique;R1137
Non;France;Entreprise privée ou publique;Moyenne;Fabrication;Fabrication de machines et équipements n.c.a.;Fabrication de machines agricoles et forestières;-;-;Régulée EI;#CriteresDePossibleInclusion, #MecanismeExemptionSecuriteNationale, #ResilienceEntiteCritique;R1138
Non;France;Entreprise privée ou publique;Moyenne;Fabrication;Fabrication de machines et équipements n.c.a.;Fabrication de machines de formage des métaux et de machines-outils;-;-;Régulée EI;#CriteresDePossibleInclusion, #MecanismeExemptionSecuriteNationale, #ResilienceEntiteCritique;R1139
Non;France;Entreprise privée ou publique;Moyenne;Fabrication;Fabrication de machines et équipements n.c.a.;Fabrication d'autres machines d'usage spécifique - Fabrication de machines pour la métallurgie - Fabrication de machines pour l'extraction ou la construction - Fabrication de machines pour l'industrie agroalimentaire - Fabrication de machines pour les industries textiles et du cuir - Fabrication de machines pour les industries du papier et du carton - Fabrication de machines pour le travail du caoutchouc ou des plastiques - Fabrication de machines de fabrication additive - Fabrication d'autres machines d'usage spécifique n.c.a.;-;-;Régulée EI;#CriteresDePossibleInclusion, #MecanismeExemptionSecuriteNationale, #ResilienceEntiteCritique;R1140
Non;France;Entreprise privée ou publique;Moyenne;Fabrication;Fabrication de machines et équipements n.c.a.;Autre activité;-;-;Non régulée;#CriteresDePossibleInclusion, #ResilienceEntiteCritique;R1141
Non;France;Entreprise privée ou publique;Moyenne;Fabrication;Construction de véhicules automobiles, remorques et semi- remorques;Construction de véhicules automobiles;-;-;Régulée EI;#CriteresDePossibleInclusion, #MecanismeExemptionSecuriteNationale, #ResilienceEntiteCritique;R1142
Non;France;Entreprise privée ou publique;Moyenne;Fabrication;Construction de véhicules automobiles, remorques et semi- remorques;"Fabrication de carrosseries de véhicules automobiles; fabrication de remorques et de semi-remorques";-;-;Régulée EI;#CriteresDePossibleInclusion, #MecanismeExemptionSecuriteNationale, #ResilienceEntiteCritique;R1143
Non;France;Entreprise privée ou publique;Moyenne;Fabrication;Construction de véhicules automobiles, remorques et semi- remorques;Fabrication d'équipements automobiles - Fabrication d'équipements électriques et électroniques automobiles - Fabrication d'autres équipements automobiles;-;-;Régulée EI;#CriteresDePossibleInclusion, #MecanismeExemptionSecuriteNationale, #ResilienceEntiteCritique;R1144
Non;France;Entreprise privée ou publique;Moyenne;Fabrication;Construction de véhicules automobiles, remorques et semi- remorques;Autre activité;-;-;Non régulée;#CriteresDePossibleInclusion, #ResilienceEntiteCritique;R1145
Non;France;Entreprise privée ou publique;Moyenne;Fabrication;Fabrication d'autres matériels de transport;Construction navale;-;-;Régulée EI;#CriteresDePossibleInclusion, #MecanismeExemptionSecuriteNationale, #ResilienceEntiteCritique;R1146
Non;France;Entreprise privée ou publique;Moyenne;Fabrication;Fabrication d'autres matériels de transport;Construction de navires et de structures flottantes civiles;-;-;Régulée EI;#CriteresDePossibleInclusion, #MecanismeExemptionSecuriteNationale, #ResilienceEntiteCritique;R1147
Non;France;Entreprise privée ou publique;Moyenne;Fabrication;Fabrication d'autres matériels de transport;Construction de bateaux de plaisance;-;-;Régulée EI;#CriteresDePossibleInclusion, #MecanismeExemptionSecuriteNationale, #ResilienceEntiteCritique;R1148
Non;France;Entreprise privée ou publique;Moyenne;Fabrication;Fabrication d'autres matériels de transport;Construction de bateaux et navires militaires;-;-;Régulée EI;#CriteresDePossibleInclusion, #MecanismeExemptionSecuriteNationale, #ResilienceEntiteCritique;R1149
Non;France;Entreprise privée ou publique;Moyenne;Fabrication;Fabrication d'autres matériels de transport;Construction de locomotives et d'autre matériel ferroviaire roulant;-;-;Régulée EI;#CriteresDePossibleInclusion, #MecanismeExemptionSecuriteNationale, #ResilienceEntiteCritique;R1150
Non;France;Entreprise privée ou publique;Moyenne;Fabrication;Fabrication d'autres matériels de transport;Construction aéronautique et spatiale - Construction aéronautique et spatiale civile - Construction aéronautique et spatiale militaire;-;-;Régulée EI;#CriteresDePossibleInclusion, #MecanismeExemptionSecuriteNationale, #ResilienceEntiteCritique;R1151
Non;France;Entreprise privée ou publique;Moyenne;Fabrication;Fabrication d'autres matériels de transport;Construction de véhicules militaires de combat;-;-;Régulée EI;#CriteresDePossibleInclusion, #MecanismeExemptionSecuriteNationale, #ResilienceEntiteCritique;R1152
Non;France;Entreprise privée ou publique;Moyenne;Fabrication;Fabrication d'autres matériels de transport;Fabrication de matériels de transport n.c.a. - Fabrication de motocycles - Fabrication de bicyclettes et de véhicules pour invalides - Fabrication d'autres équipements de transport n.c.a.;-;-;Régulée EI;#CriteresDePossibleInclusion, #MecanismeExemptionSecuriteNationale, #ResilienceEntiteCritique;R1153
Non;France;Entreprise privée ou publique;Moyenne;Fabrication;Fabrication d'autres matériels de transport;Autre activité;-;-;Non régulée;#CriteresDePossibleInclusion, #ResilienceEntiteCritique;R1154
Non;France;Entreprise privée ou publique;Moyenne;Fabrication;Autre sous-secteur;-;-;-;Non régulée;#CriteresDePossibleInclusion, #ResilienceEntiteCritique;R1155
Non;France;Entreprise privée ou publique;Moyenne;Fabrication, production et distribution de produits chimiques;-;Entreprises procédant à la fabrication de substances et à la distribution de substances ou de mélanges et entreprises procédant à la production d'articles, à partir de substances ou de mélanges;-;-;Régulée EI;#CriteresDePossibleInclusion, #MecanismeExemptionSecuriteNationale, #ResilienceEntiteCritique;R1156
Non;France;Entreprise privée ou publique;Moyenne;Fabrication, production et distribution de produits chimiques;-;Autre activité;-;-;Non régulée;#CriteresDePossibleInclusion, #ResilienceEntiteCritique;R1157
Non;France;Entreprise privée ou publique;Moyenne;Gestion des déchets;-;Entreprises exécutant des opérations de gestion des déchets, à l'exclusion des entreprises pour lesquelles la gestion des déchets n'est pas la principale activité économique;-;-;Régulée EI;#CriteresDePossibleInclusion, #MecanismeExemptionSecuriteNationale, #ResilienceEntiteCritique;R1158
Non;France;Entreprise privée ou publique;Moyenne;Gestion des déchets;-;Autre activité;-;-;Non régulée;#CriteresDePossibleInclusion, #ResilienceEntiteCritique;R1159
Non;France;Entreprise privée ou publique;Moyenne;Infrastructure des marchés financiers;-;Exploitants de plates-formes de négociation;-;-;Régulée EI;#CriteresDePossibleInclusion, #MecanismeExemptionSecuriteNationale, #ResilienceEntiteCritique, #DORA;R1160
Non;France;Entreprise privée ou publique;Moyenne;Infrastructure des marchés financiers;-;Contreparties centrales;-;-;Régulée EI;#CriteresDePossibleInclusion, #MecanismeExemptionSecuriteNationale, #ResilienceEntiteCritique, #DORA;R1161
Non;France;Entreprise privée ou publique;Moyenne;Infrastructure des marchés financiers;-;Autre activité;-;-;Non régulée;#CriteresDePossibleInclusion, #DORA, #ResilienceEntiteCritique;R1162
Non;France;Entreprise privée ou publique;Moyenne;Production transformation et distribution de denrées alimentaires;-;Entreprises du secteur alimentaire qui exercent des activités de distribution en gros ainsi que de production et de transformation industrielles;-;-;Régulée EI;#CriteresDePossibleInclusion, #MecanismeExemptionSecuriteNationale, #ResilienceEntiteCritique;R1163
Non;France;Entreprise privée ou publique;Moyenne;Production transformation et distribution de denrées alimentaires;-;Autre activité;-;-;Non régulée;#CriteresDePossibleInclusion, #ResilienceEntiteCritique;R1164
Non;France;Entreprise privée ou publique;Moyenne;Recherche;-;Organismes de recherche;-;-;Régulée EI;#CriteresDePossibleInclusion, #MecanismeExemptionSecuriteNationale, #ResilienceEntiteCritique;R1165
Non;France;Entreprise privée ou publique;Moyenne;Recherche;-;Autre activité;-;-;Non régulée;#CriteresDePossibleInclusion, #ResilienceEntiteCritique;R1166
Non;France;Entreprise privée ou publique;Moyenne;Santé;-;Prestataires de soins de santé;-;-;Régulée EI;#CriteresDePossibleInclusion, #MecanismeExemptionSecuriteNationale, #ResilienceEntiteCritique;R1167
Non;France;Entreprise privée ou publique;Moyenne;Santé;-;Laboratoires de référence de l'Union européenne;-;-;Régulée EI;#CriteresDePossibleInclusion, #MecanismeExemptionSecuriteNationale, #ResilienceEntiteCritique;R1168
Non;France;Entreprise privée ou publique;Moyenne;Santé;-;Entités exerçant des activités de recherche et de développement dans le domaine des médicaments;-;-;Régulée EI;#CriteresDePossibleInclusion, #MecanismeExemptionSecuriteNationale, #ResilienceEntiteCritique;R1169
Non;France;Entreprise privée ou publique;Moyenne;Santé;-;Entités fabriquant des produits pharmaceutiques de base et des préparations pharmaceutiques;-;-;Régulée EI;#CriteresDePossibleInclusion, #MecanismeExemptionSecuriteNationale, #ResilienceEntiteCritique;R1170
Non;France;Entreprise privée ou publique;Moyenne;Santé;-;Entités fabriquant des dispositifs médicaux considérés comme critiques en cas d'urgence de santé publique;-;-;Régulée EI;#CriteresDePossibleInclusion, #MecanismeExemptionSecuriteNationale, #ResilienceEntiteCritique;R1171
Non;France;Entreprise privée ou publique;Moyenne;Santé;-;Autre activité;-;-;Non régulée;#CriteresDePossibleInclusion, #ResilienceEntiteCritique;R1172
Non;France;Entreprise privée ou publique;Moyenne;Services postaux et d'expédition;-;Prestataires de services postaux, y compris les prestataires de services d'expédition;-;-;Régulée EI;#CriteresDePossibleInclusion, #MecanismeExemptionSecuriteNationale, #ResilienceEntiteCritique;R1173
Non;France;Entreprise privée ou publique;Moyenne;Services postaux et d'expédition;-;Autre activité;-;-;Non régulée;#CriteresDePossibleInclusion, #ResilienceEntiteCritique;R1174
Non;France;Entreprise privée ou publique;Moyenne;Transports;Aériens;Transporteurs aériens à des fins commerciales;-;-;Régulée EI;#CriteresDePossibleInclusion, #MecanismeExemptionSecuriteNationale, #ResilienceEntiteCritique;R1175
Non;France;Entreprise privée ou publique;Moyenne;Transports;Aériens;Entités gestionnaires d'aéroports, aéroports, y compris les aéroports du réseau central, et entités exploitant les installations annexes se trouvant dans les aéroports;-;-;Régulée EI;#CriteresDePossibleInclusion, #MecanismeExemptionSecuriteNationale, #ResilienceEntiteCritique;R1176
Non;France;Entreprise privée ou publique;Moyenne;Transports;Aériens;Services du contrôle de la circulation aérienne;-;-;Régulée EI;#CriteresDePossibleInclusion, #MecanismeExemptionSecuriteNationale, #ResilienceEntiteCritique;R1177
Non;France;Entreprise privée ou publique;Moyenne;Transports;Aériens;Autre activité;-;-;Non régulée;#CriteresDePossibleInclusion, #ResilienceEntiteCritique;R1178
Non;France;Entreprise privée ou publique;Moyenne;Transports;Ferroviaires;Gestionnaires des infrastructures;-;-;Régulée EI;#CriteresDePossibleInclusion, #MecanismeExemptionSecuriteNationale, #ResilienceEntiteCritique;R1179
Non;France;Entreprise privée ou publique;Moyenne;Transports;Ferroviaires;Entreprises ferroviaires, y compris les exploitants d'installation de service;-;-;Régulée EI;#CriteresDePossibleInclusion, #MecanismeExemptionSecuriteNationale, #ResilienceEntiteCritique;R1180
Non;France;Entreprise privée ou publique;Moyenne;Transports;Ferroviaires;Autre activité;-;-;Non régulée;#CriteresDePossibleInclusion, #ResilienceEntiteCritique;R1181
Non;France;Entreprise privée ou publique;Moyenne;Transports;Par eau;Sociétés de transport par voie d'eau intérieure, maritime et côtier de passagers et de fret, à l'exclusion des navires exploités à titre individuel par ces sociétés;-;-;Régulée EI;#CriteresDePossibleInclusion, #MecanismeExemptionSecuriteNationale, #ResilienceEntiteCritique;R1182
Non;France;Entreprise privée ou publique;Moyenne;Transports;Par eau;Entités gestionnaires des ports, y compris les installations portuaires, ainsi que les entités exploitant des infrastructures et des équipements à l'intérieur des ports;-;-;Régulée EI;#CriteresDePossibleInclusion, #MecanismeExemptionSecuriteNationale, #ResilienceEntiteCritique;R1183
Non;France;Entreprise privée ou publique;Moyenne;Transports;Par eau;Exploitants de services de trafic maritime (STM);-;-;Régulée EI;#CriteresDePossibleInclusion, #MecanismeExemptionSecuriteNationale, #ResilienceEntiteCritique;R1184
Non;France;Entreprise privée ou publique;Moyenne;Transports;Par eau;Autre activité;-;-;Non régulée;#CriteresDePossibleInclusion, #ResilienceEntiteCritique;R1185
Non;France;Entreprise privée ou publique;Moyenne;Transports;Routiers;Autorités routières chargées du contrôle de la gestion de la circulation, à l'exclusion des entités publiques pour lesquelles la gestion de la circulation ou l'exploitation de systèmes de transport intelligents constituent une partie non essentielle de leur activité générale;-;-;Régulée EI;#CriteresDePossibleInclusion, #MecanismeExemptionSecuriteNationale, #ResilienceEntiteCritique;R1186
Non;France;Entreprise privée ou publique;Moyenne;Transports;Routiers;Exploitants de systèmes de transport intelligents;-;-;Régulée EI;#CriteresDePossibleInclusion, #MecanismeExemptionSecuriteNationale, #ResilienceEntiteCritique;R1187
Non;France;Entreprise privée ou publique;Moyenne;Transports;Routiers;Autre activité;-;-;Non régulée;#CriteresDePossibleInclusion, #ResilienceEntiteCritique;R1188
Non;France;Entreprise privée ou publique;Moyenne;Transports;Autre sous-secteur;-;-;-;Non régulée;#CriteresDePossibleInclusion, #ResilienceEntiteCritique;R1189
Non;France;Entreprise privée ou publique;Moyenne;Autre secteur d'activité;-;-;-;-;Non régulée;-;R1190
Non;France;Entreprise privée ou publique;Grande;Infrastructure numérique;-;Fournisseur de réseaux de communications électroniques publics;France;-;Régulée EE;#MecanismeExemptionSecuriteNationale;R1191
Non;France;Entreprise privée ou publique;Grande;Infrastructure numérique;-;Fournisseur de réseaux de communications électroniques publics;Autres États membres de l'Union Européenne;-;Régulée, sans précision EE/EI;#TelecomAutresEMdelUEUniquement;R1192
Non;France;Entreprise privée ou publique;Grande;Infrastructure numérique;-;Fournisseur de réseaux de communications électroniques publics;Autres États hors Union Européenne;-;Non régulée;-;R1193
Non;France;Entreprise privée ou publique;Grande;Infrastructure numérique;-;Fournisseur de réseaux de communications électroniques publics;France + Autres États membres de l'Union Européenne;-;Régulée EE;#TelecomFranceEtAutresEMdelUE, #MecanismeExemptionSecuriteNationale;R1194
Non;France;Entreprise privée ou publique;Grande;Infrastructure numérique;-;Fournisseur de réseaux de communications électroniques publics;France + Autres États hors Union Européenne;-;Régulée EE;#MecanismeExemptionSecuriteNationale;R1195
Non;France;Entreprise privée ou publique;Grande;Infrastructure numérique;-;Fournisseur de réseaux de communications électroniques publics;Autres États membres de l'Union Européenne + Autres États hors Union Européenne;-;Régulée, sans précision EE/EI;#TelecomAutresEMdelUEUniquement;R1196
Non;France;Entreprise privée ou publique;Grande;Infrastructure numérique;-;Fournisseur de réseaux de communications électroniques publics;France + Autres États membres de l'Union Européenne + Autres États hors Union Européenne;-;Régulée EE;#TelecomFranceEtAutresEMdelUE, #MecanismeExemptionSecuriteNationale;R1197
Non;France;Entreprise privée ou publique;Grande;Infrastructure numérique;-;Fournisseur de services de communications électroniques accessibles au public;France;-;Régulée EE;#MecanismeExemptionSecuriteNationale;R1198
Non;France;Entreprise privée ou publique;Grande;Infrastructure numérique;-;Fournisseur de services de communications électroniques accessibles au public;Autres États membres de l'Union Européenne;-;Régulée, sans précision EE/EI;#TelecomAutresEMdelUEUniquement;R1199
Non;France;Entreprise privée ou publique;Grande;Infrastructure numérique;-;Fournisseur de services de communications électroniques accessibles au public;Autres États hors Union Européenne;-;Non régulée;-;R1200
Non;France;Entreprise privée ou publique;Grande;Infrastructure numérique;-;Fournisseur de services de communications électroniques accessibles au public;France + Autres États membres de l'Union Européenne;-;Régulée EE;#TelecomFranceEtAutresEMdelUE, #MecanismeExemptionSecuriteNationale;R1201
Non;France;Entreprise privée ou publique;Grande;Infrastructure numérique;-;Fournisseur de services de communications électroniques accessibles au public;France + Autres États hors Union Européenne;-;Régulée EE;#MecanismeExemptionSecuriteNationale;R1202
Non;France;Entreprise privée ou publique;Grande;Infrastructure numérique;-;Fournisseur de services de communications électroniques accessibles au public;Autres États membres de l'Union Européenne + Autres États hors Union Européenne;-;Régulée, sans précision EE/EI;#TelecomAutresEMdelUEUniquement;R1203
Non;France;Entreprise privée ou publique;Grande;Infrastructure numérique;-;Fournisseur de services de communications électroniques accessibles au public;France + Autres États membres de l'Union Européenne + Autres États hors Union Européenne;-;Régulée EE;#TelecomFranceEtAutresEMdelUE, #MecanismeExemptionSecuriteNationale;R1204
Non;France;Entreprise privée ou publique;Grande;Infrastructure numérique;-;Fournisseur de services DNS, à l'exclusion des opérateurs de serveurs racines de noms de domaines;-;France;Régulée EE;#MecanismeExemptionSecuriteNationale;R1205
Non;France;Entreprise privée ou publique;Grande;Infrastructure numérique;-;Fournisseur de services DNS, à l'exclusion des opérateurs de serveurs racines de noms de domaines;-;Autres États membres de l'Union Européenne;Régulée, sans précision EE/EI;#NumeriqueEtabliEMUEhorsFrance ;R1206
Non;France;Entreprise privée ou publique;Grande;Infrastructure numérique;-;Registre de noms de domaines de premier niveau;-;France;Régulée EE;#MecanismeExemptionSecuriteNationale;R1207
Non;France;Entreprise privée ou publique;Grande;Infrastructure numérique;-;Registre de noms de domaines de premier niveau;-;Autres États membres de l'Union Européenne;Régulée, sans précision EE/EI;#NumeriqueEtabliEMUEhorsFrance ;R1208
Non;France;Entreprise privée ou publique;Grande;Infrastructure numérique;-;Fournisseur de services d'informatique en nuage;-;France;Régulée EE;#MecanismeExemptionSecuriteNationale;R1209
Non;France;Entreprise privée ou publique;Grande;Infrastructure numérique;-;Fournisseur de services d'informatique en nuage;-;Autres États membres de l'Union Européenne;Régulée, sans précision EE/EI;#NumeriqueEtabliEMUEhorsFrance ;R1210
Non;France;Entreprise privée ou publique;Grande;Infrastructure numérique;-;Fournisseur de services de centres de données;-;France;Régulée EE;#MecanismeExemptionSecuriteNationale;R1211
Non;France;Entreprise privée ou publique;Grande;Infrastructure numérique;-;Fournisseur de services de centres de données;-;Autres États membres de l'Union Européenne;Régulée, sans précision EE/EI;#NumeriqueEtabliEMUEhorsFrance ;R1212
Non;France;Entreprise privée ou publique;Grande;Infrastructure numérique;-;Fournisseur de réseaux de diffusion de contenu;-;France;Régulée EE;#MecanismeExemptionSecuriteNationale;R1213
Non;France;Entreprise privée ou publique;Grande;Infrastructure numérique;-;Fournisseur de réseaux de diffusion de contenu;-;Autres États membres de l'Union Européenne;Régulée, sans précision EE/EI;#NumeriqueEtabliEMUEhorsFrance ;R1214
Non;France;Entreprise privée ou publique;Grande;Infrastructure numérique;-;Fournisseur des services d'enregistrement de noms de domaine;-;France;Régulée, enregistrement seul;#EnregistrementNomsDeDomaine, #ResilienceEntiteCritique, #MecanismeExemptionSecuriteNationale;R1215
Non;France;Entreprise privée ou publique;Grande;Infrastructure numérique;-;Fournisseur des services d'enregistrement de noms de domaine;-;Autres États membres de l'Union Européenne;Régulée, sans précision EE/EI;#NumeriqueEtabliEMUEhorsFrance ;R1216
Non;France;Entreprise privée ou publique;Grande;Infrastructure numérique;-;Prestataire de service de confiance qualifié;-;-;Régulée EE;#MecanismeExemptionSecuriteNationale;R1217
Non;France;Entreprise privée ou publique;Grande;Infrastructure numérique;-;Prestataire de service de confiance non qualifié;-;-;Régulée EE;#MecanismeExemptionSecuriteNationale;R1218
Non;France;Entreprise privée ou publique;Grande;Infrastructure numérique;-;Fournisseur de points d'échange internet;-;-;Régulée EE;#MecanismeExemptionSecuriteNationale;R1219
Non;France;Entreprise privée ou publique;Grande;Infrastructure numérique;-;Autre activité;-;-;Non régulée;#CriteresDePossibleInclusion, #ResilienceEntiteCritique;R1220
Non;France;Entreprise privée ou publique;Grande;Gestion des services TIC;-;Fournisseur de services gérés;-;France;Régulée EE;#MecanismeExemptionSecuriteNationale;R1221
Non;France;Entreprise privée ou publique;Grande;Gestion des services TIC;-;Fournisseur de services gérés;-;Autres États membres de l'Union Européenne;Régulée, sans précision EE/EI;#NumeriqueEtabliEMUEhorsFrance ;R1222
Non;France;Entreprise privée ou publique;Grande;Gestion des services TIC;-;Fournisseur de services de sécurité gérés;-;France;Régulée EE;#MecanismeExemptionSecuriteNationale;R1223
Non;France;Entreprise privée ou publique;Grande;Gestion des services TIC;-;Fournisseur de services de sécurité gérés;-;Autres États membres de l'Union Européenne;Régulée, sans précision EE/EI;#NumeriqueEtabliEMUEhorsFrance ;R1224
Non;France;Entreprise privée ou publique;Grande;Gestion des services TIC;-;Autre activité;-;-;Non régulée;#CriteresDePossibleInclusion, #ResilienceEntiteCritique;R1225
Non;France;Entreprise privée ou publique;Grande;Fournisseurs numériques;-;Fournisseur de places de marché en ligne;-;France;Régulée EI;#CriteresDePossibleInclusion, #MecanismeExemptionSecuriteNationale, #ResilienceEntiteCritique;R1226
Non;France;Entreprise privée ou publique;Grande;Fournisseurs numériques;-;Fournisseur de places de marché en ligne;-;Autres États membres de l'Union Européenne;Régulée, sans précision EE/EI;#NumeriqueEtabliEMUEhorsFrance ;R1227
Non;France;Entreprise privée ou publique;Grande;Fournisseurs numériques;-;Fournisseur de moteurs de recherche en ligne;-;France;Régulée EI;#CriteresDePossibleInclusion, #MecanismeExemptionSecuriteNationale, #ResilienceEntiteCritique;R1228
Non;France;Entreprise privée ou publique;Grande;Fournisseurs numériques;-;Fournisseur de moteurs de recherche en ligne;-;Autres États membres de l'Union Européenne;Régulée, sans précision EE/EI;#NumeriqueEtabliEMUEhorsFrance ;R1229
Non;France;Entreprise privée ou publique;Grande;Fournisseurs numériques;-;Fournisseur de plateformes de services de réseaux sociaux;-;France;Régulée EI;#CriteresDePossibleInclusion, #MecanismeExemptionSecuriteNationale, #ResilienceEntiteCritique;R1230
Non;France;Entreprise privée ou publique;Grande;Fournisseurs numériques;-;Fournisseur de plateformes de services de réseaux sociaux;-;Autres États membres de l'Union Européenne;Régulée, sans précision EE/EI;#NumeriqueEtabliEMUEhorsFrance ;R1231
Non;France;Entreprise privée ou publique;Grande;Fournisseurs numériques;-;Autre activité;-;-;Non régulée;#CriteresDePossibleInclusion, #ResilienceEntiteCritique;R1232
Non;France;Entreprise privée ou publique;Grande;Banques (secteur bancaire);-;Établissements de crédit;-;-;Régulée EE;#MecanismeExemptionSecuriteNationale, #DORA;R1233
Non;France;Entreprise privée ou publique;Grande;Banques (secteur bancaire);-;Autre activité;-;-;Non régulée;#CriteresDePossibleInclusion, #DORA, #ResilienceEntiteCritique;R1234
Non;France;Entreprise privée ou publique;Grande;Eau potable;-;Fournisseurs et distributeurs d'eaux destinées à la consommation humaine, à l'exclusion des distributeurs pour lesquels la distribution d'eaux destinées à la consommation humaine constitue une partie non essentielle de leur activité générale de distribution d'autres produits et biens;-;-;Régulée EE;#MecanismeExemptionSecuriteNationale;R1235
Non;France;Entreprise privée ou publique;Grande;Eau potable;-;Autre activité;-;-;Non régulée;#CriteresDePossibleInclusion, #ResilienceEntiteCritique;R1236
Non;France;Entreprise privée ou publique;Grande;Eaux usées;-;Entreprises collectant, évacuant ou traitant les eaux urbaines résiduaires, les eaux ménagères usées ou les eaux industrielles usées, à l'exclusion des entreprises pour lesquelles la collecte, l'évacuation ou le traitement des eaux urbaines résiduaires, des eaux ménagères usées ou des eaux industrielles usées constituent une partie non essentielle de leur activité générale;-;-;Régulée EE;#MecanismeExemptionSecuriteNationale;R1237
Non;France;Entreprise privée ou publique;Grande;Eaux usées;-;Autre activité;-;-;Non régulée;#CriteresDePossibleInclusion, #ResilienceEntiteCritique;R1238
Non;France;Entreprise privée ou publique;Grande;Énergie;Électricité;Acteurs du marché fournissant des services d'agrégation, de participation active de la demande ou de stockage d'énergie;-;-;Régulée EE;#MecanismeExemptionSecuriteNationale;R1239
Non;France;Entreprise privée ou publique;Grande;Énergie;Électricité;Entreprise d'électricité remplissant une fonction de fourniture;-;-;Régulée EE;#MecanismeExemptionSecuriteNationale;R1240
Non;France;Entreprise privée ou publique;Grande;Énergie;Électricité;Exploitants d'un point de recharge qui sont responsables de la gestion et de l'exploitation d'un point de recharge, lequel fournit un service de recharge aux utilisateurs finals, y compris au nom et pour le compte d'un prestataire de services de mobilité;-;-;Régulée EE;#MecanismeExemptionSecuriteNationale;R1241
Non;France;Entreprise privée ou publique;Grande;Énergie;Électricité;Gestionnaire de réseau de distribution;-;-;Régulée EE;#MecanismeExemptionSecuriteNationale;R1242
Non;France;Entreprise privée ou publique;Grande;Énergie;Électricité;Gestionnaire de réseau de transport;-;-;Régulée EE;#MecanismeExemptionSecuriteNationale;R1243
Non;France;Entreprise privée ou publique;Grande;Énergie;Électricité;Opérateur désigné du marché ou NEMO;-;-;Régulée EE;#MecanismeExemptionSecuriteNationale;R1244
Non;France;Entreprise privée ou publique;Grande;Énergie;Électricité;Producteurs;-;-;Régulée EE;#MecanismeExemptionSecuriteNationale;R1245
Non;France;Entreprise privée ou publique;Grande;Énergie;Électricité;Autre activité;-;-;Non régulée;#CriteresDePossibleInclusion, #ResilienceEntiteCritique;R1246
Non;France;Entreprise privée ou publique;Grande;Énergie;Gaz;Entreprises de fourniture;-;-;Régulée EE;#MecanismeExemptionSecuriteNationale;R1247
Non;France;Entreprise privée ou publique;Grande;Énergie;Gaz;Gestionnaires de réseau de distribution;-;-;Régulée EE;#MecanismeExemptionSecuriteNationale;R1248
Non;France;Entreprise privée ou publique;Grande;Énergie;Gaz;Gestionnaire de réseau de transport;-;-;Régulée EE;#MecanismeExemptionSecuriteNationale;R1249
Non;France;Entreprise privée ou publique;Grande;Énergie;Gaz;Gestionnaires d'installation de stockage;-;-;Régulée EE;#MecanismeExemptionSecuriteNationale;R1250
Non;France;Entreprise privée ou publique;Grande;Énergie;Gaz;Gestionnaires d'installation de GNL;-;-;Régulée EE;#MecanismeExemptionSecuriteNationale;R1251
Non;France;Entreprise privée ou publique;Grande;Énergie;Gaz;Autre activité;-;-;Non régulée;#CriteresDePossibleInclusion, #ResilienceEntiteCritique;R1252
Non;France;Entreprise privée ou publique;Grande;Énergie;Hydrogène;Exploitants de systèmes de production, de stockage et de transport d'hydrogène;-;-;Régulée EE;#MecanismeExemptionSecuriteNationale;R1253
Non;France;Entreprise privée ou publique;Grande;Énergie;Hydrogène;Autre activité;-;-;Non régulée;#CriteresDePossibleInclusion, #ResilienceEntiteCritique;R1254
Non;France;Entreprise privée ou publique;Grande;Énergie;Pétrole;Exploitants d'oléoducs;-;-;Régulée EE;#MecanismeExemptionSecuriteNationale;R1255
Non;France;Entreprise privée ou publique;Grande;Énergie;Pétrole;Exploitants d'installations de production, de raffinage, de traitement, de stockage et de transport de pétrole;-;-;Régulée EE;#MecanismeExemptionSecuriteNationale;R1256
Non;France;Entreprise privée ou publique;Grande;Énergie;Pétrole;Entités centrales de stockage;-;-;Régulée EE;#MecanismeExemptionSecuriteNationale;R1257
Non;France;Entreprise privée ou publique;Grande;Énergie;Pétrole;Autre activité;-;-;Non régulée;#CriteresDePossibleInclusion, #ResilienceEntiteCritique;R1258
Non;France;Entreprise privée ou publique;Grande;Énergie;Réseaux de chaleur et de froid;Opérateurs de réseaux de chaleur ou de réseaux de froid;-;-;Régulée EE;#MecanismeExemptionSecuriteNationale;R1259
Non;France;Entreprise privée ou publique;Grande;Énergie;Réseaux de chaleur et de froid;Autre activité;-;-;Non régulée;#CriteresDePossibleInclusion, #ResilienceEntiteCritique;R1260
Non;France;Entreprise privée ou publique;Grande;Énergie;Autre sous-secteur;-;-;-;Non régulée;#CriteresDePossibleInclusion, #ResilienceEntiteCritique;R1261
Non;France;Entreprise privée ou publique;Grande;Espace;-;Exploitants d'infrastructures terrestres, détenues, gérées et exploitées par des États membres ou par des parties privées, qui soutiennent la fourniture de services spatiaux, à l'exclusion des fournisseurs de réseaux de communications électroniques publics;-;-;Régulée EE;#MecanismeExemptionSecuriteNationale;R1262
Non;France;Entreprise privée ou publique;Grande;Espace;-;Autre activité;-;-;Non régulée;#CriteresDePossibleInclusion, #ResilienceEntiteCritique;R1263
Non;France;Entreprise privée ou publique;Grande;Fabrication;Fabrication de dispositifs médicaux et de dispositifs médicaux de diagnostic in vitro;Entités fabriquant des dispositifs médicaux et entités fabriquant des dispositifs médicaux de diagnostic in vitro, à l'exception des entités fabriquant des dispositifs médicaux mentionnés à l'annexe I, point 5, cinquième tiret, de la présente directive;-;-;Régulée EI;#CriteresDePossibleInclusion, #MecanismeExemptionSecuriteNationale, #ResilienceEntiteCritique;R1264
Non;France;Entreprise privée ou publique;Grande;Fabrication;Fabrication de dispositifs médicaux et de dispositifs médicaux de diagnostic in vitro;Autre activité;-;-;Non régulée;#CriteresDePossibleInclusion, #ResilienceEntiteCritique;R1265
Non;France;Entreprise privée ou publique;Grande;Fabrication;Fabrication d'équipements électriques;Fabrication de moteurs, génératrices et transformateurs électriques et de matériel de distribution et de commande électrique;-;-;Régulée EI;#CriteresDePossibleInclusion, #MecanismeExemptionSecuriteNationale, #ResilienceEntiteCritique;R1266
Non;France;Entreprise privée ou publique;Grande;Fabrication;Fabrication d'équipements électriques;Fabrication de piles et d'accumulateurs électriques;-;-;Régulée EI;#CriteresDePossibleInclusion, #MecanismeExemptionSecuriteNationale, #ResilienceEntiteCritique;R1267
Non;France;Entreprise privée ou publique;Grande;Fabrication;Fabrication d'équipements électriques;Fabrication de fils et câbles et de matériel d'installation électrique - Fabrication de câbles de fibres optiques - Fabrication d'autres fils et câbles électroniques ou électriques - Fabrication de matériel d'installation électrique;-;-;Régulée EI;#CriteresDePossibleInclusion, #MecanismeExemptionSecuriteNationale, #ResilienceEntiteCritique;R1268
Non;France;Entreprise privée ou publique;Grande;Fabrication;Fabrication d'équipements électriques;Fabrication d'appareils d'éclairage;-;-;Régulée EI;#CriteresDePossibleInclusion, #MecanismeExemptionSecuriteNationale, #ResilienceEntiteCritique;R1269
Non;France;Entreprise privée ou publique;Grande;Fabrication;Fabrication d'équipements électriques;Fabrication d'appareils ménagers - Fabrication d'appareils électroménagers - Fabrication d'appareils ménagers non électriques;-;-;Régulée EI;#CriteresDePossibleInclusion, #MecanismeExemptionSecuriteNationale, #ResilienceEntiteCritique;R1270
Non;France;Entreprise privée ou publique;Grande;Fabrication;Fabrication d'équipements électriques;Autre activité;-;-;Non régulée;#CriteresDePossibleInclusion, #ResilienceEntiteCritique;R1271
Non;France;Entreprise privée ou publique;Grande;Fabrication;Fabrication de produits informatiques, électroniques et optiques;Fabrication de produits informatiques, électroniques et optiques;-;-;Régulée EI;#CriteresDePossibleInclusion, #MecanismeExemptionSecuriteNationale, #ResilienceEntiteCritique;R1272
Non;France;Entreprise privée ou publique;Grande;Fabrication;Fabrication de produits informatiques, électroniques et optiques;Fabrication de composants et cartes électroniques - Fabrication de composants électroniques - Fabrication de cartes électroniques assemblées;-;-;Régulée EI;#CriteresDePossibleInclusion, #MecanismeExemptionSecuriteNationale, #ResilienceEntiteCritique;R1273
Non;France;Entreprise privée ou publique;Grande;Fabrication;Fabrication de produits informatiques, électroniques et optiques;Fabrication d'ordinateurs et d'équipements périphériques;-;-;Régulée EI;#CriteresDePossibleInclusion, #MecanismeExemptionSecuriteNationale, #ResilienceEntiteCritique;R1274
Non;France;Entreprise privée ou publique;Grande;Fabrication;Fabrication de produits informatiques, électroniques et optiques;Fabrication d'équipements de communication;-;-;Régulée EI;#CriteresDePossibleInclusion, #MecanismeExemptionSecuriteNationale, #ResilienceEntiteCritique;R1275
Non;France;Entreprise privée ou publique;Grande;Fabrication;Fabrication de produits informatiques, électroniques et optiques;Fabrication de produits électroniques grand public;-;-;Régulée EI;#CriteresDePossibleInclusion, #MecanismeExemptionSecuriteNationale, #ResilienceEntiteCritique;R1276
Non;France;Entreprise privée ou publique;Grande;Fabrication;Fabrication de produits informatiques, électroniques et optiques;"Fabrication d'instruments de mesure, d'essai et de navigation ; horlogerie";-;-;Régulée EI;#CriteresDePossibleInclusion, #MecanismeExemptionSecuriteNationale, #ResilienceEntiteCritique;R1277
Non;France;Entreprise privée ou publique;Grande;Fabrication;Fabrication de produits informatiques, électroniques et optiques;Fabrication d'équipements d'irradiation médicale, d'équipements électromédicaux et électrothérapeutiques;-;-;Régulée EI;#CriteresDePossibleInclusion, #MecanismeExemptionSecuriteNationale, #ResilienceEntiteCritique;R1278
Non;France;Entreprise privée ou publique;Grande;Fabrication;Fabrication de produits informatiques, électroniques et optiques;Fabrication de matériels optique et photographique et de supports magnétiques et optiques;-;-;Régulée EI;#CriteresDePossibleInclusion, #MecanismeExemptionSecuriteNationale, #ResilienceEntiteCritique;R1279
Non;France;Entreprise privée ou publique;Grande;Fabrication;Fabrication de produits informatiques, électroniques et optiques;Autre activité;-;-;Non régulée;#CriteresDePossibleInclusion, #ResilienceEntiteCritique;R1280
Non;France;Entreprise privée ou publique;Grande;Fabrication;Fabrication de machines et équipements n.c.a.;Fabrication de machines et équipements n.c.a.;-;-;Régulée EI;#CriteresDePossibleInclusion, #MecanismeExemptionSecuriteNationale, #ResilienceEntiteCritique;R1281
Non;France;Entreprise privée ou publique;Grande;Fabrication;Fabrication de machines et équipements n.c.a.;Fabrication de machines d'usage général - Fabrication de moteurs et turbines, à l'exception des moteurs d'avions et de véhicules - Fabrication d'équipements hydrauliques et pneumatiques - Fabrication d'autres pompes et compresseurs - Fabrication d'autres articles de robinetterie - Fabrication d'engrenages et d'organes mécaniques de transmission;-;-;Régulée EI;#CriteresDePossibleInclusion, #MecanismeExemptionSecuriteNationale, #ResilienceEntiteCritique;R1282
Non;France;Entreprise privée ou publique;Grande;Fabrication;Fabrication de machines et équipements n.c.a.;Fabrication d'autres machines d'usage général - Fabrication de fours et brûleurs et d'équipements fixes de chauffage domestique - Fabrication de matériel de levage et de manutention - Fabrication de machines et d'équipements de bureau (à l'exception des ordinateurs et équipements périphériques) - Fabrication d'outillage portatif à moteur incorporé - Fabrication d'équipements aérauliques et frigorifiques industriels - Fabrication de machines diverses d'usage général;-;-;Régulée EI;#CriteresDePossibleInclusion, #MecanismeExemptionSecuriteNationale, #ResilienceEntiteCritique;R1283
Non;France;Entreprise privée ou publique;Grande;Fabrication;Fabrication de machines et équipements n.c.a.;Fabrication de machines agricoles et forestières;-;-;Régulée EI;#CriteresDePossibleInclusion, #MecanismeExemptionSecuriteNationale, #ResilienceEntiteCritique;R1284
Non;France;Entreprise privée ou publique;Grande;Fabrication;Fabrication de machines et équipements n.c.a.;Fabrication de machines de formage des métaux et de machines-outils;-;-;Régulée EI;#CriteresDePossibleInclusion, #MecanismeExemptionSecuriteNationale, #ResilienceEntiteCritique;R1285
Non;France;Entreprise privée ou publique;Grande;Fabrication;Fabrication de machines et équipements n.c.a.;Fabrication d'autres machines d'usage spécifique - Fabrication de machines pour la métallurgie - Fabrication de machines pour l'extraction ou la construction - Fabrication de machines pour l'industrie agroalimentaire - Fabrication de machines pour les industries textiles et du cuir - Fabrication de machines pour les industries du papier et du carton - Fabrication de machines pour le travail du caoutchouc ou des plastiques - Fabrication de machines de fabrication additive - Fabrication d'autres machines d'usage spécifique n.c.a.;-;-;Régulée EI;#CriteresDePossibleInclusion, #MecanismeExemptionSecuriteNationale, #ResilienceEntiteCritique;R1286
Non;France;Entreprise privée ou publique;Grande;Fabrication;Fabrication de machines et équipements n.c.a.;Autre activité;-;-;Non régulée;#CriteresDePossibleInclusion, #ResilienceEntiteCritique;R1287
Non;France;Entreprise privée ou publique;Grande;Fabrication;Construction de véhicules automobiles, remorques et semi- remorques;Construction de véhicules automobiles;-;-;Régulée EI;#CriteresDePossibleInclusion, #MecanismeExemptionSecuriteNationale, #ResilienceEntiteCritique;R1288
Non;France;Entreprise privée ou publique;Grande;Fabrication;Construction de véhicules automobiles, remorques et semi- remorques;"Fabrication de carrosseries de véhicules automobiles; fabrication de remorques et de semi-remorques";-;-;Régulée EI;#CriteresDePossibleInclusion, #MecanismeExemptionSecuriteNationale, #ResilienceEntiteCritique;R1289
Non;France;Entreprise privée ou publique;Grande;Fabrication;Construction de véhicules automobiles, remorques et semi- remorques;Fabrication d'équipements automobiles - Fabrication d'équipements électriques et électroniques automobiles - Fabrication d'autres équipements automobiles;-;-;Régulée EI;#CriteresDePossibleInclusion, #MecanismeExemptionSecuriteNationale, #ResilienceEntiteCritique;R1290
Non;France;Entreprise privée ou publique;Grande;Fabrication;Construction de véhicules automobiles, remorques et semi- remorques;Autre activité;-;-;Non régulée;#CriteresDePossibleInclusion, #ResilienceEntiteCritique;R1291
Non;France;Entreprise privée ou publique;Grande;Fabrication;Fabrication d'autres matériels de transport;Construction navale;-;-;Régulée EI;#CriteresDePossibleInclusion, #MecanismeExemptionSecuriteNationale, #ResilienceEntiteCritique;R1292
Non;France;Entreprise privée ou publique;Grande;Fabrication;Fabrication d'autres matériels de transport;Construction de navires et de structures flottantes civiles;-;-;Régulée EI;#CriteresDePossibleInclusion, #MecanismeExemptionSecuriteNationale, #ResilienceEntiteCritique;R1293
Non;France;Entreprise privée ou publique;Grande;Fabrication;Fabrication d'autres matériels de transport;Construction de bateaux de plaisance;-;-;Régulée EI;#CriteresDePossibleInclusion, #MecanismeExemptionSecuriteNationale, #ResilienceEntiteCritique;R1294
Non;France;Entreprise privée ou publique;Grande;Fabrication;Fabrication d'autres matériels de transport;Construction de bateaux et navires militaires;-;-;Régulée EI;#CriteresDePossibleInclusion, #MecanismeExemptionSecuriteNationale, #ResilienceEntiteCritique;R1295
Non;France;Entreprise privée ou publique;Grande;Fabrication;Fabrication d'autres matériels de transport;Construction de locomotives et d'autre matériel ferroviaire roulant;-;-;Régulée EI;#CriteresDePossibleInclusion, #MecanismeExemptionSecuriteNationale, #ResilienceEntiteCritique;R1296
Non;France;Entreprise privée ou publique;Grande;Fabrication;Fabrication d'autres matériels de transport;Construction aéronautique et spatiale - Construction aéronautique et spatiale civile - Construction aéronautique et spatiale militaire;-;-;Régulée EI;#CriteresDePossibleInclusion, #MecanismeExemptionSecuriteNationale, #ResilienceEntiteCritique;R1297
Non;France;Entreprise privée ou publique;Grande;Fabrication;Fabrication d'autres matériels de transport;Construction de véhicules militaires de combat;-;-;Régulée EI;#CriteresDePossibleInclusion, #MecanismeExemptionSecuriteNationale, #ResilienceEntiteCritique;R1298
Non;France;Entreprise privée ou publique;Grande;Fabrication;Fabrication d'autres matériels de transport;Fabrication de matériels de transport n.c.a. - Fabrication de motocycles - Fabrication de bicyclettes et de véhicules pour invalides - Fabrication d'autres équipements de transport n.c.a.;-;-;Régulée EI;#CriteresDePossibleInclusion, #MecanismeExemptionSecuriteNationale, #ResilienceEntiteCritique;R1299
Non;France;Entreprise privée ou publique;Grande;Fabrication;Fabrication d'autres matériels de transport;Autre activité;-;-;Non régulée;#CriteresDePossibleInclusion, #ResilienceEntiteCritique;R1300
Non;France;Entreprise privée ou publique;Grande;Fabrication;Autre sous-secteur;-;-;-;Non régulée;#CriteresDePossibleInclusion, #ResilienceEntiteCritique;R1301
Non;France;Entreprise privée ou publique;Grande;Fabrication, production et distribution de produits chimiques;-;Entreprises procédant à la fabrication de substances et à la distribution de substances ou de mélanges et entreprises procédant à la production d'articles, à partir de substances ou de mélanges;-;-;Régulée EI;#CriteresDePossibleInclusion, #MecanismeExemptionSecuriteNationale, #ResilienceEntiteCritique;R1302
Non;France;Entreprise privée ou publique;Grande;Fabrication, production et distribution de produits chimiques;-;Autre activité;-;-;Non régulée;#CriteresDePossibleInclusion, #ResilienceEntiteCritique;R1303
Non;France;Entreprise privée ou publique;Grande;Gestion des déchets;-;Entreprises exécutant des opérations de gestion des déchets, à l'exclusion des entreprises pour lesquelles la gestion des déchets n'est pas la principale activité économique;-;-;Régulée EI;#CriteresDePossibleInclusion, #MecanismeExemptionSecuriteNationale, #ResilienceEntiteCritique;R1304
Non;France;Entreprise privée ou publique;Grande;Gestion des déchets;-;Autre activité;-;-;Non régulée;#CriteresDePossibleInclusion, #ResilienceEntiteCritique;R1305
Non;France;Entreprise privée ou publique;Grande;Infrastructure des marchés financiers;-;Exploitants de plates-formes de négociation;-;-;Régulée EE;#MecanismeExemptionSecuriteNationale, #DORA;R1306
Non;France;Entreprise privée ou publique;Grande;Infrastructure des marchés financiers;-;Contreparties centrales;-;-;Régulée EE;#MecanismeExemptionSecuriteNationale, #DORA;R1307
Non;France;Entreprise privée ou publique;Grande;Infrastructure des marchés financiers;-;Autre activité;-;-;Non régulée;#CriteresDePossibleInclusion, #DORA, #ResilienceEntiteCritique;R1308
Non;France;Entreprise privée ou publique;Grande;Production transformation et distribution de denrées alimentaires;-;Entreprises du secteur alimentaire qui exercent des activités de distribution en gros ainsi que de production et de transformation industrielles;-;-;Régulée EI;#CriteresDePossibleInclusion, #MecanismeExemptionSecuriteNationale, #ResilienceEntiteCritique;R1309
Non;France;Entreprise privée ou publique;Grande;Production transformation et distribution de denrées alimentaires;-;Autre activité;-;-;Non régulée;#CriteresDePossibleInclusion, #ResilienceEntiteCritique;R1310
Non;France;Entreprise privée ou publique;Grande;Recherche;-;Organismes de recherche;-;-;Régulée EI;#CriteresDePossibleInclusion, #MecanismeExemptionSecuriteNationale, #ResilienceEntiteCritique;R1311
Non;France;Entreprise privée ou publique;Grande;Recherche;-;Autre activité;-;-;Non régulée;#CriteresDePossibleInclusion, #ResilienceEntiteCritique;R1312
Non;France;Entreprise privée ou publique;Grande;Santé;-;Prestataires de soins de santé;-;-;Régulée EE;#MecanismeExemptionSecuriteNationale;R1313
Non;France;Entreprise privée ou publique;Grande;Santé;-;Laboratoires de référence de l'Union européenne;-;-;Régulée EE;#MecanismeExemptionSecuriteNationale;R1314
Non;France;Entreprise privée ou publique;Grande;Santé;-;Entités exerçant des activités de recherche et de développement dans le domaine des médicaments;-;-;Régulée EE;#MecanismeExemptionSecuriteNationale;R1315
Non;France;Entreprise privée ou publique;Grande;Santé;-;Entités fabriquant des produits pharmaceutiques de base et des préparations pharmaceutiques;-;-;Régulée EE;#MecanismeExemptionSecuriteNationale;R1316
Non;France;Entreprise privée ou publique;Grande;Santé;-;Entités fabriquant des dispositifs médicaux considérés comme critiques en cas d'urgence de santé publique;-;-;Régulée EE;#MecanismeExemptionSecuriteNationale;R1317
Non;France;Entreprise privée ou publique;Grande;Santé;-;Autre activité;-;-;Non régulée;#CriteresDePossibleInclusion, #ResilienceEntiteCritique;R1318
Non;France;Entreprise privée ou publique;Grande;Services postaux et d'expédition;-;Prestataires de services postaux, y compris les prestataires de services d'expédition;-;-;Régulée EI;#CriteresDePossibleInclusion, #MecanismeExemptionSecuriteNationale, #ResilienceEntiteCritique;R1319
Non;France;Entreprise privée ou publique;Grande;Services postaux et d'expédition;-;Autre activité;-;-;Non régulée;#CriteresDePossibleInclusion, #ResilienceEntiteCritique;R1320
Non;France;Entreprise privée ou publique;Grande;Transports;Aériens;Transporteurs aériens à des fins commerciales;-;-;Régulée EE;#MecanismeExemptionSecuriteNationale;R1321
Non;France;Entreprise privée ou publique;Grande;Transports;Aériens;Entités gestionnaires d'aéroports, aéroports, y compris les aéroports du réseau central, et entités exploitant les installations annexes se trouvant dans les aéroports;-;-;Régulée EE;#MecanismeExemptionSecuriteNationale;R1322
Non;France;Entreprise privée ou publique;Grande;Transports;Aériens;Services du contrôle de la circulation aérienne;-;-;Régulée EE;#MecanismeExemptionSecuriteNationale;R1323
Non;France;Entreprise privée ou publique;Grande;Transports;Aériens;Autre activité;-;-;Non régulée;#CriteresDePossibleInclusion, #ResilienceEntiteCritique;R1324
Non;France;Entreprise privée ou publique;Grande;Transports;Ferroviaires;Gestionnaires des infrastructures;-;-;Régulée EE;#MecanismeExemptionSecuriteNationale;R1325
Non;France;Entreprise privée ou publique;Grande;Transports;Ferroviaires;Entreprises ferroviaires, y compris les exploitants d'installation de service;-;-;Régulée EE;#MecanismeExemptionSecuriteNationale;R1326
Non;France;Entreprise privée ou publique;Grande;Transports;Ferroviaires;Autre activité;-;-;Non régulée;#CriteresDePossibleInclusion, #ResilienceEntiteCritique;R1327
Non;France;Entreprise privée ou publique;Grande;Transports;Par eau;Sociétés de transport par voie d'eau intérieure, maritime et côtier de passagers et de fret, à l'exclusion des navires exploités à titre individuel par ces sociétés;-;-;Régulée EE;#MecanismeExemptionSecuriteNationale;R1328
Non;France;Entreprise privée ou publique;Grande;Transports;Par eau;Entités gestionnaires des ports, y compris les installations portuaires, ainsi que les entités exploitant des infrastructures et des équipements à l'intérieur des ports;-;-;Régulée EE;#MecanismeExemptionSecuriteNationale;R1329
Non;France;Entreprise privée ou publique;Grande;Transports;Par eau;Exploitants de services de trafic maritime (STM);-;-;Régulée EE;#MecanismeExemptionSecuriteNationale;R1330
Non;France;Entreprise privée ou publique;Grande;Transports;Par eau;Autre activité;-;-;Non régulée;#CriteresDePossibleInclusion, #ResilienceEntiteCritique;R1331
Non;France;Entreprise privée ou publique;Grande;Transports;Routiers;Autorités routières chargées du contrôle de la gestion de la circulation, à l'exclusion des entités publiques pour lesquelles la gestion de la circulation ou l'exploitation de systèmes de transport intelligents constituent une partie non essentielle de leur activité générale;-;-;Régulée EE;#MecanismeExemptionSecuriteNationale;R1332
Non;France;Entreprise privée ou publique;Grande;Transports;Routiers;Exploitants de systèmes de transport intelligents;-;-;Régulée EE;#MecanismeExemptionSecuriteNationale;R1333
Non;France;Entreprise privée ou publique;Grande;Transports;Routiers;Autre activité;-;-;Non régulée;#CriteresDePossibleInclusion, #ResilienceEntiteCritique;R1334
Non;France;Entreprise privée ou publique;Grande;Transports;Autre sous-secteur;-;-;-;Non régulée;#CriteresDePossibleInclusion, #ResilienceEntiteCritique;R1335
Non;France;Entreprise privée ou publique;Grande;Autre secteur d'activité;-;-;-;-;Non régulée;-;R1336
Ne sait pas;France;Entreprise privée ou publique;Petite;Infrastructure numérique;-;Fournisseur de réseaux de communications électroniques publics;France;-;Régulée EI;#OSE, #CriteresDePossibleInclusion, #MecanismeExemptionSecuriteNationale, #ResilienceEntiteCritique;R1337
Ne sait pas;France;Entreprise privée ou publique;Petite;Infrastructure numérique;-;Fournisseur de réseaux de communications électroniques publics;Autres États membres de l'Union Européenne;-;Régulée, sans précision EE/EI;#OSE, #TelecomAutresEMdelUEUniquement;R1338
Ne sait pas;France;Entreprise privée ou publique;Petite;Infrastructure numérique;-;Fournisseur de réseaux de communications électroniques publics;Autres États hors Union Européenne;-;Non régulée;#OSE;R1339
Ne sait pas;France;Entreprise privée ou publique;Petite;Infrastructure numérique;-;Fournisseur de réseaux de communications électroniques publics;France + Autres États membres de l'Union Européenne;-;Régulée EI;#OSE, #CriteresDePossibleInclusion, #TelecomFranceEtAutresEMdelUE, #MecanismeExemptionSecuriteNationale, #ResilienceEntiteCritique;R1340
Ne sait pas;France;Entreprise privée ou publique;Petite;Infrastructure numérique;-;Fournisseur de réseaux de communications électroniques publics;France + Autres États hors Union Européenne;-;Régulée EI;#OSE, #CriteresDePossibleInclusion, #MecanismeExemptionSecuriteNationale, #ResilienceEntiteCritique;R1341
Ne sait pas;France;Entreprise privée ou publique;Petite;Infrastructure numérique;-;Fournisseur de réseaux de communications électroniques publics;Autres États membres de l'Union Européenne + Autres États hors Union Européenne;-;Régulée, sans précision EE/EI;#OSE, #TelecomAutresEMdelUEUniquement;R1342
Ne sait pas;France;Entreprise privée ou publique;Petite;Infrastructure numérique;-;Fournisseur de réseaux de communications électroniques publics;France + Autres États membres de l'Union Européenne + Autres États hors Union Européenne;-;Régulée EI;#OSE, #CriteresDePossibleInclusion, #TelecomFranceEtAutresEMdelUE, #MecanismeExemptionSecuriteNationale, #ResilienceEntiteCritique;R1343
Ne sait pas;France;Entreprise privée ou publique;Petite;Infrastructure numérique;-;Fournisseur de services de communications électroniques accessibles au public;France;-;Régulée EI;#OSE, #CriteresDePossibleInclusion, #MecanismeExemptionSecuriteNationale, #ResilienceEntiteCritique;R1344
Ne sait pas;France;Entreprise privée ou publique;Petite;Infrastructure numérique;-;Fournisseur de services de communications électroniques accessibles au public;Autres États membres de l'Union Européenne;-;Régulée, sans précision EE/EI;#OSE, #TelecomAutresEMdelUEUniquement;R1345
Ne sait pas;France;Entreprise privée ou publique;Petite;Infrastructure numérique;-;Fournisseur de services de communications électroniques accessibles au public;Autres États hors Union Européenne;-;Non régulée;#OSE;R1346
Ne sait pas;France;Entreprise privée ou publique;Petite;Infrastructure numérique;-;Fournisseur de services de communications électroniques accessibles au public;France + Autres États membres de l'Union Européenne;-;Régulée EI;#OSE, #CriteresDePossibleInclusion, #TelecomFranceEtAutresEMdelUE, #MecanismeExemptionSecuriteNationale, #ResilienceEntiteCritique;R1347
Ne sait pas;France;Entreprise privée ou publique;Petite;Infrastructure numérique;-;Fournisseur de services de communications électroniques accessibles au public;France + Autres États hors Union Européenne;-;Régulée EI;#OSE, #CriteresDePossibleInclusion, #MecanismeExemptionSecuriteNationale, #ResilienceEntiteCritique;R1348
Ne sait pas;France;Entreprise privée ou publique;Petite;Infrastructure numérique;-;Fournisseur de services de communications électroniques accessibles au public;Autres États membres de l'Union Européenne + Autres États hors Union Européenne;-;Régulée, sans précision EE/EI;#OSE, #TelecomAutresEMdelUEUniquement;R1349
Ne sait pas;France;Entreprise privée ou publique;Petite;Infrastructure numérique;-;Fournisseur de services de communications électroniques accessibles au public;France + Autres États membres de l'Union Européenne + Autres États hors Union Européenne;-;Régulée EI;#OSE, #CriteresDePossibleInclusion, #TelecomFranceEtAutresEMdelUE, #MecanismeExemptionSecuriteNationale, #ResilienceEntiteCritique;R1350
Ne sait pas;France;Entreprise privée ou publique;Petite;Infrastructure numérique;-;Fournisseur de services DNS, à l'exclusion des opérateurs de serveurs racines de noms de domaines;-;France;Régulée EE;#MecanismeExemptionSecuriteNationale;R1351
Ne sait pas;France;Entreprise privée ou publique;Petite;Infrastructure numérique;-;Fournisseur de services DNS, à l'exclusion des opérateurs de serveurs racines de noms de domaines;-;Autres États membres de l'Union Européenne;Régulée, sans précision EE/EI;#OSE, #NumeriqueEtabliEMUEhorsFrance ;R1352
Ne sait pas;France;Entreprise privée ou publique;Petite;Infrastructure numérique;-;Registre de noms de domaines de premier niveau;-;France;Régulée EE;#MecanismeExemptionSecuriteNationale;R1353
Ne sait pas;France;Entreprise privée ou publique;Petite;Infrastructure numérique;-;Registre de noms de domaines de premier niveau;-;Autres États membres de l'Union Européenne;Régulée, sans précision EE/EI;#OSE, #NumeriqueEtabliEMUEhorsFrance ;R1354
Ne sait pas;France;Entreprise privée ou publique;Petite;Infrastructure numérique;-;Fournisseur des services d'enregistrement de noms de domaine;-;France;Régulée, enregistrement seul;#OSE, #EnregistrementNomsDeDomaine, #ResilienceEntiteCritique, #MecanismeExemptionSecuriteNationale;R1355
Ne sait pas;France;Entreprise privée ou publique;Petite;Infrastructure numérique;-;Fournisseur des services d'enregistrement de noms de domaine;-;Autres États membres de l'Union Européenne;Régulée, sans précision EE/EI;#OSE, #NumeriqueEtabliEMUEhorsFrance ;R1356
Ne sait pas;France;Entreprise privée ou publique;Petite;Infrastructure numérique;-;Prestataire de service de confiance qualifié;-;-;Régulée EE;#MecanismeExemptionSecuriteNationale;R1357
Ne sait pas;France;Entreprise privée ou publique;Petite;Infrastructure numérique;-;Prestataire de service de confiance non qualifié;-;-;Régulée EI;#OSE, #CriteresDePossibleInclusion, #MecanismeExemptionSecuriteNationale, #ResilienceEntiteCritique;R1358
Ne sait pas;France;Entreprise privée ou publique;Petite;Infrastructure numérique;-;Fournisseur de services d'informatique en nuage;-;-;Non régulée;#OSE, #CriteresDePossibleInclusion, #ResilienceEntiteCritique;R1359
Ne sait pas;France;Entreprise privée ou publique;Petite;Infrastructure numérique;-;Fournisseur de services de centres de données;-;-;Non régulée;#OSE, #CriteresDePossibleInclusion, #ResilienceEntiteCritique;R1360
Ne sait pas;France;Entreprise privée ou publique;Petite;Infrastructure numérique;-;Fournisseur de réseaux de diffusion de contenu;-;-;Non régulée;#OSE, #CriteresDePossibleInclusion, #ResilienceEntiteCritique;R1361
Ne sait pas;France;Entreprise privée ou publique;Petite;Infrastructure numérique;-;Fournisseur de points d'échange internet;-;-;Non régulée;#OSE, #CriteresDePossibleInclusion, #ResilienceEntiteCritique;R1362
Ne sait pas;France;Entreprise privée ou publique;Petite;Infrastructure numérique;-;Autre activité;-;-;Non régulée;#OSE, #CriteresDePossibleInclusion, #ResilienceEntiteCritique;R1363
Ne sait pas;France;Entreprise privée ou publique;Petite;Banques (secteur bancaire);-;-;-;-;Non régulée;#OSE, #CriteresDePossibleInclusion, #DORA, #ResilienceEntiteCritique;R1364
Ne sait pas;France;Entreprise privée ou publique;Petite;Eau potable;-;-;-;-;Non régulée;#OSE, #CriteresDePossibleInclusion, #ResilienceEntiteCritique;R1365
Ne sait pas;France;Entreprise privée ou publique;Petite;Eaux usées;-;-;-;-;Non régulée;#OSE, #CriteresDePossibleInclusion, #ResilienceEntiteCritique;R1366
Ne sait pas;France;Entreprise privée ou publique;Petite;Énergie;-;-;-;-;Non régulée;#OSE, #CriteresDePossibleInclusion, #ResilienceEntiteCritique;R1367
Ne sait pas;France;Entreprise privée ou publique;Petite;Espace;-;-;-;-;Non régulée;#OSE, #CriteresDePossibleInclusion, #ResilienceEntiteCritique;R1368
Ne sait pas;France;Entreprise privée ou publique;Petite;Fabrication;-;-;-;-;Non régulée;#OSE, #CriteresDePossibleInclusion, #ResilienceEntiteCritique;R1369
Ne sait pas;France;Entreprise privée ou publique;Petite;Fabrication, production et distribution de produits chimiques;-;-;-;-;Non régulée;#OSE, #CriteresDePossibleInclusion, #ResilienceEntiteCritique;R1370
Ne sait pas;France;Entreprise privée ou publique;Petite;Fournisseurs numériques;-;-;-;-;Non régulée;#OSE, #CriteresDePossibleInclusion, #ResilienceEntiteCritique;R1371
Ne sait pas;France;Entreprise privée ou publique;Petite;Gestion des déchets;-;-;-;-;Non régulée;#OSE, #CriteresDePossibleInclusion, #ResilienceEntiteCritique;R1372
Ne sait pas;France;Entreprise privée ou publique;Petite;Gestion des services TIC;-;-;-;-;Non régulée;#OSE, #CriteresDePossibleInclusion, #ResilienceEntiteCritique;R1373
Ne sait pas;France;Entreprise privée ou publique;Petite;Infrastructure des marchés financiers;-;-;-;-;Non régulée;#OSE, #CriteresDePossibleInclusion, #DORA, #ResilienceEntiteCritique;R1374
Ne sait pas;France;Entreprise privée ou publique;Petite;Production transformation et distribution de denrées alimentaires;-;-;-;-;Non régulée;#OSE, #CriteresDePossibleInclusion, #ResilienceEntiteCritique;R1375
Ne sait pas;France;Entreprise privée ou publique;Petite;Recherche;-;-;-;-;Non régulée;#OSE, #CriteresDePossibleInclusion, #ResilienceEntiteCritique;R1376
Ne sait pas;France;Entreprise privée ou publique;Petite;Santé;-;-;-;-;Non régulée;#OSE, #CriteresDePossibleInclusion, #ResilienceEntiteCritique;R1377
Ne sait pas;France;Entreprise privée ou publique;Petite;Services postaux et d'expédition;-;-;-;-;Non régulée;#OSE, #CriteresDePossibleInclusion, #ResilienceEntiteCritique;R1378
Ne sait pas;France;Entreprise privée ou publique;Petite;Transports;-;-;-;-;Non régulée;#OSE, #CriteresDePossibleInclusion, #ResilienceEntiteCritique;R1379
Ne sait pas;France;Entreprise privée ou publique;Petite;Autre secteur d'activité;-;-;-;-;Non régulée;#OSE;R1380
Ne sait pas;France;Entreprise privée ou publique;Moyenne;Infrastructure numérique;-;Fournisseur de réseaux de communications électroniques publics;France;-;Régulée EE;#MecanismeExemptionSecuriteNationale;R1381
Ne sait pas;France;Entreprise privée ou publique;Moyenne;Infrastructure numérique;-;Fournisseur de réseaux de communications électroniques publics;Autres États membres de l'Union Européenne;-;Régulée, sans précision EE/EI;#OSE, #TelecomAutresEMdelUEUniquement;R1382
Ne sait pas;France;Entreprise privée ou publique;Moyenne;Infrastructure numérique;-;Fournisseur de réseaux de communications électroniques publics;Autres États hors Union Européenne;-;Non régulée;#OSE;R1383
Ne sait pas;France;Entreprise privée ou publique;Moyenne;Infrastructure numérique;-;Fournisseur de réseaux de communications électroniques publics;France + Autres États membres de l'Union Européenne;-;Régulée EE;#TelecomFranceEtAutresEMdelUE, #MecanismeExemptionSecuriteNationale;R1384
Ne sait pas;France;Entreprise privée ou publique;Moyenne;Infrastructure numérique;-;Fournisseur de réseaux de communications électroniques publics;France + Autres États hors Union Européenne;-;Régulée EE;#MecanismeExemptionSecuriteNationale;R1385
Ne sait pas;France;Entreprise privée ou publique;Moyenne;Infrastructure numérique;-;Fournisseur de réseaux de communications électroniques publics;Autres États membres de l'Union Européenne + Autres États hors Union Européenne;-;Régulée, sans précision EE/EI;#OSE, #TelecomAutresEMdelUEUniquement;R1386
Ne sait pas;France;Entreprise privée ou publique;Moyenne;Infrastructure numérique;-;Fournisseur de réseaux de communications électroniques publics;France + Autres États membres de l'Union Européenne + Autres États hors Union Européenne;-;Régulée EE;#TelecomFranceEtAutresEMdelUE, #MecanismeExemptionSecuriteNationale;R1387
Ne sait pas;France;Entreprise privée ou publique;Moyenne;Infrastructure numérique;-;Fournisseur de services de communications électroniques accessibles au public;France;-;Régulée EE;#MecanismeExemptionSecuriteNationale;R1388
Ne sait pas;France;Entreprise privée ou publique;Moyenne;Infrastructure numérique;-;Fournisseur de services de communications électroniques accessibles au public;Autres États membres de l'Union Européenne;-;Régulée, sans précision EE/EI;#OSE, #TelecomAutresEMdelUEUniquement;R1389
Ne sait pas;France;Entreprise privée ou publique;Moyenne;Infrastructure numérique;-;Fournisseur de services de communications électroniques accessibles au public;Autres États hors Union Européenne;-;Non régulée;#OSE;R1390
Ne sait pas;France;Entreprise privée ou publique;Moyenne;Infrastructure numérique;-;Fournisseur de services de communications électroniques accessibles au public;France + Autres États membres de l'Union Européenne;-;Régulée EE;#TelecomFranceEtAutresEMdelUE, #MecanismeExemptionSecuriteNationale;R1391
Ne sait pas;France;Entreprise privée ou publique;Moyenne;Infrastructure numérique;-;Fournisseur de services de communications électroniques accessibles au public;France + Autres États hors Union Européenne;-;Régulée EE;#MecanismeExemptionSecuriteNationale;R1392
Ne sait pas;France;Entreprise privée ou publique;Moyenne;Infrastructure numérique;-;Fournisseur de services de communications électroniques accessibles au public;Autres États membres de l'Union Européenne + Autres États hors Union Européenne;-;Régulée, sans précision EE/EI;#OSE, #TelecomAutresEMdelUEUniquement;R1393
Ne sait pas;France;Entreprise privée ou publique;Moyenne;Infrastructure numérique;-;Fournisseur de services de communications électroniques accessibles au public;France + Autres États membres de l'Union Européenne + Autres États hors Union Européenne;-;Régulée EE;#TelecomFranceEtAutresEMdelUE, #MecanismeExemptionSecuriteNationale;R1394
Ne sait pas;France;Entreprise privée ou publique;Moyenne;Infrastructure numérique;-;Fournisseur de services DNS, à l'exclusion des opérateurs de serveurs racines de noms de domaines;-;France;Régulée EE;#MecanismeExemptionSecuriteNationale;R1395
Ne sait pas;France;Entreprise privée ou publique;Moyenne;Infrastructure numérique;-;Fournisseur de services DNS, à l'exclusion des opérateurs de serveurs racines de noms de domaines;-;Autres États membres de l'Union Européenne;Régulée, sans précision EE/EI;#OSE, #NumeriqueEtabliEMUEhorsFrance ;R1396
Ne sait pas;France;Entreprise privée ou publique;Moyenne;Infrastructure numérique;-;Registre de noms de domaines de premier niveau;-;France;Régulée EE;#MecanismeExemptionSecuriteNationale;R1397
Ne sait pas;France;Entreprise privée ou publique;Moyenne;Infrastructure numérique;-;Registre de noms de domaines de premier niveau;-;Autres États membres de l'Union Européenne;Régulée, sans précision EE/EI;#OSE, #NumeriqueEtabliEMUEhorsFrance ;R1398
Ne sait pas;France;Entreprise privée ou publique;Moyenne;Infrastructure numérique;-;Fournisseur de services d'informatique en nuage;-;France;Régulée EI;#OSE, #CriteresDePossibleInclusion, #MecanismeExemptionSecuriteNationale, #ResilienceEntiteCritique;R1399
Ne sait pas;France;Entreprise privée ou publique;Moyenne;Infrastructure numérique;-;Fournisseur de services d'informatique en nuage;-;Autres États membres de l'Union Européenne;Régulée, sans précision EE/EI;#OSE, #NumeriqueEtabliEMUEhorsFrance ;R1400
Ne sait pas;France;Entreprise privée ou publique;Moyenne;Infrastructure numérique;-;Fournisseur de services de centres de données;-;France;Régulée EI;#OSE, #CriteresDePossibleInclusion, #MecanismeExemptionSecuriteNationale, #ResilienceEntiteCritique;R1401
Ne sait pas;France;Entreprise privée ou publique;Moyenne;Infrastructure numérique;-;Fournisseur de services de centres de données;-;Autres États membres de l'Union Européenne;Régulée, sans précision EE/EI;#OSE, #NumeriqueEtabliEMUEhorsFrance ;R1402
Ne sait pas;France;Entreprise privée ou publique;Moyenne;Infrastructure numérique;-;Fournisseur de réseaux de diffusion de contenu;-;France;Régulée EI;#OSE, #CriteresDePossibleInclusion, #MecanismeExemptionSecuriteNationale, #ResilienceEntiteCritique;R1403
Ne sait pas;France;Entreprise privée ou publique;Moyenne;Infrastructure numérique;-;Fournisseur de réseaux de diffusion de contenu;-;Autres États membres de l'Union Européenne;Régulée, sans précision EE/EI;#OSE, #NumeriqueEtabliEMUEhorsFrance ;R1404
Ne sait pas;France;Entreprise privée ou publique;Moyenne;Infrastructure numérique;-;Fournisseur des services d'enregistrement de noms de domaine;-;France;Régulée, enregistrement seul;#OSE, #EnregistrementNomsDeDomaine, #ResilienceEntiteCritique, #MecanismeExemptionSecuriteNationale;R1405
Ne sait pas;France;Entreprise privée ou publique;Moyenne;Infrastructure numérique;-;Fournisseur des services d'enregistrement de noms de domaine;-;Autres États membres de l'Union Européenne;Régulée, sans précision EE/EI;#OSE, #NumeriqueEtabliEMUEhorsFrance ;R1406
Ne sait pas;France;Entreprise privée ou publique;Moyenne;Infrastructure numérique;-;Prestataire de service de confiance qualifié;-;-;Régulée EE;#MecanismeExemptionSecuriteNationale;R1407
Ne sait pas;France;Entreprise privée ou publique;Moyenne;Infrastructure numérique;-;Prestataire de service de confiance non qualifié;-;-;Régulée EI;#OSE, #CriteresDePossibleInclusion, #MecanismeExemptionSecuriteNationale, #ResilienceEntiteCritique;R1408
Ne sait pas;France;Entreprise privée ou publique;Moyenne;Infrastructure numérique;-;Fournisseur de points d'échange internet;-;-;Régulée EI;#OSE, #CriteresDePossibleInclusion, #MecanismeExemptionSecuriteNationale, #ResilienceEntiteCritique;R1409
Ne sait pas;France;Entreprise privée ou publique;Moyenne;Infrastructure numérique;-;Autre activité;-;-;Non régulée;#OSE, #CriteresDePossibleInclusion, #ResilienceEntiteCritique;R1410
Ne sait pas;France;Entreprise privée ou publique;Moyenne;Gestion des services TIC;-;Fournisseur de services gérés;-;France;Régulée EI;#OSE, #MecanismeExemptionSecuriteNationale, #CriteresDePossibleInclusion, #ResilienceEntiteCritique;R1411
Ne sait pas;France;Entreprise privée ou publique;Moyenne;Gestion des services TIC;-;Fournisseur de services gérés;-;Autres États membres de l'Union Européenne;Régulée, sans précision EE/EI;#OSE, #NumeriqueEtabliEMUEhorsFrance ;R1412
Ne sait pas;France;Entreprise privée ou publique;Moyenne;Gestion des services TIC;-;Fournisseur de services de sécurité gérés;-;France;Régulée EI;#OSE, #MecanismeExemptionSecuriteNationale, #CriteresDePossibleInclusion, #ResilienceEntiteCritique;R1413
Ne sait pas;France;Entreprise privée ou publique;Moyenne;Gestion des services TIC;-;Fournisseur de services de sécurité gérés;-;Autres États membres de l'Union Européenne;Régulée, sans précision EE/EI;#OSE, #NumeriqueEtabliEMUEhorsFrance ;R1414
Ne sait pas;France;Entreprise privée ou publique;Moyenne;Gestion des services TIC;-;Autre activité;-;-;Non régulée;#OSE, #CriteresDePossibleInclusion, #ResilienceEntiteCritique;R1415
Ne sait pas;France;Entreprise privée ou publique;Moyenne;Fournisseurs numériques;-;Fournisseur de places de marché en ligne;-;France;Régulée EI;#OSE, #MecanismeExemptionSecuriteNationale, #CriteresDePossibleInclusion, #ResilienceEntiteCritique;R1416
Ne sait pas;France;Entreprise privée ou publique;Moyenne;Fournisseurs numériques;-;Fournisseur de places de marché en ligne;-;Autres États membres de l'Union Européenne;Régulée, sans précision EE/EI;#OSE, #NumeriqueEtabliEMUEhorsFrance ;R1417
Ne sait pas;France;Entreprise privée ou publique;Moyenne;Fournisseurs numériques;-;Fournisseur de moteurs de recherche en ligne;-;France;Régulée EI;#OSE, #MecanismeExemptionSecuriteNationale, #CriteresDePossibleInclusion, #ResilienceEntiteCritique;R1418
Ne sait pas;France;Entreprise privée ou publique;Moyenne;Fournisseurs numériques;-;Fournisseur de moteurs de recherche en ligne;-;Autres États membres de l'Union Européenne;Régulée, sans précision EE/EI;#OSE, #NumeriqueEtabliEMUEhorsFrance ;R1419
Ne sait pas;France;Entreprise privée ou publique;Moyenne;Fournisseurs numériques;-;Fournisseur de plateformes de services de réseaux sociaux;-;France;Régulée EI;#OSE, #MecanismeExemptionSecuriteNationale, #CriteresDePossibleInclusion, #ResilienceEntiteCritique;R1420
Ne sait pas;France;Entreprise privée ou publique;Moyenne;Fournisseurs numériques;-;Fournisseur de plateformes de services de réseaux sociaux;-;Autres États membres de l'Union Européenne;Régulée, sans précision EE/EI;#OSE, #NumeriqueEtabliEMUEhorsFrance ;R1421
Ne sait pas;France;Entreprise privée ou publique;Moyenne;Fournisseurs numériques;-;Autre activité;-;-;Non régulée;#OSE, #CriteresDePossibleInclusion, #ResilienceEntiteCritique;R1422
Ne sait pas;France;Entreprise privée ou publique;Moyenne;Banques (secteur bancaire);-;Établissements de crédit;-;-;Régulée EI;#OSE, #CriteresDePossibleInclusion, #MecanismeExemptionSecuriteNationale, #ResilienceEntiteCritique, #DORA;R1423
Ne sait pas;France;Entreprise privée ou publique;Moyenne;Banques (secteur bancaire);-;Autre activité;-;-;Non régulée;#OSE, #CriteresDePossibleInclusion, #DORA, #ResilienceEntiteCritique;R1424
Ne sait pas;France;Entreprise privée ou publique;Moyenne;Eau potable;-;Fournisseurs et distributeurs d'eaux destinées à la consommation humaine, à l'exclusion des distributeurs pour lesquels la distribution d'eaux destinées à la consommation humaine constitue une partie non essentielle de leur activité générale de distribution d'autres produits et biens;-;-;Régulée EI;#OSE, #CriteresDePossibleInclusion, #MecanismeExemptionSecuriteNationale, #ResilienceEntiteCritique;R1425
Ne sait pas;France;Entreprise privée ou publique;Moyenne;Eau potable;-;Autre activité;-;-;Non régulée;#OSE, #CriteresDePossibleInclusion, #ResilienceEntiteCritique;R1426
Ne sait pas;France;Entreprise privée ou publique;Moyenne;Eaux usées;-;Entreprises collectant, évacuant ou traitant les eaux urbaines résiduaires, les eaux ménagères usées ou les eaux industrielles usées, à l'exclusion des entreprises pour lesquelles la collecte, l'évacuation ou le traitement des eaux urbaines résiduaires, des eaux ménagères usées ou des eaux industrielles usées constituent une partie non essentielle de leur activité générale;-;-;Régulée EI;#OSE, #CriteresDePossibleInclusion, #MecanismeExemptionSecuriteNationale, #ResilienceEntiteCritique;R1427
Ne sait pas;France;Entreprise privée ou publique;Moyenne;Eaux usées;-;Autre activité;-;-;Non régulée;#OSE, #CriteresDePossibleInclusion, #ResilienceEntiteCritique;R1428
Ne sait pas;France;Entreprise privée ou publique;Moyenne;Énergie;Électricité;Acteurs du marché fournissant des services d'agrégation, de participation active de la demande ou de stockage d'énergie;-;-;Régulée EI;#OSE, #CriteresDePossibleInclusion, #MecanismeExemptionSecuriteNationale, #ResilienceEntiteCritique;R1429
Ne sait pas;France;Entreprise privée ou publique;Moyenne;Énergie;Électricité;Entreprise d'électricité remplissant une fonction de fourniture;-;-;Régulée EI;#OSE, #CriteresDePossibleInclusion, #MecanismeExemptionSecuriteNationale, #ResilienceEntiteCritique;R1430
Ne sait pas;France;Entreprise privée ou publique;Moyenne;Énergie;Électricité;Exploitants d'un point de recharge qui sont responsables de la gestion et de l'exploitation d'un point de recharge, lequel fournit un service de recharge aux utilisateurs finals, y compris au nom et pour le compte d'un prestataire de services de mobilité;-;-;Régulée EI;#OSE, #CriteresDePossibleInclusion, #MecanismeExemptionSecuriteNationale, #ResilienceEntiteCritique;R1431
Ne sait pas;France;Entreprise privée ou publique;Moyenne;Énergie;Électricité;Gestionnaire de réseau de distribution;-;-;Régulée EI;#OSE, #CriteresDePossibleInclusion, #MecanismeExemptionSecuriteNationale, #ResilienceEntiteCritique;R1432
Ne sait pas;France;Entreprise privée ou publique;Moyenne;Énergie;Électricité;Gestionnaire de réseau de transport;-;-;Régulée EI;#OSE, #CriteresDePossibleInclusion, #MecanismeExemptionSecuriteNationale, #ResilienceEntiteCritique;R1433
Ne sait pas;France;Entreprise privée ou publique;Moyenne;Énergie;Électricité;Opérateur désigné du marché ou NEMO;-;-;Régulée EI;#OSE, #CriteresDePossibleInclusion, #MecanismeExemptionSecuriteNationale, #ResilienceEntiteCritique;R1434
Ne sait pas;France;Entreprise privée ou publique;Moyenne;Énergie;Électricité;Producteurs;-;-;Régulée EI;#OSE, #CriteresDePossibleInclusion, #MecanismeExemptionSecuriteNationale, #ResilienceEntiteCritique;R1435
Ne sait pas;France;Entreprise privée ou publique;Moyenne;Énergie;Électricité;Autre activité;-;-;Non régulée;#OSE, #CriteresDePossibleInclusion, #ResilienceEntiteCritique;R1436
Ne sait pas;France;Entreprise privée ou publique;Moyenne;Énergie;Gaz;Entreprises de fourniture;-;-;Régulée EI;#OSE, #CriteresDePossibleInclusion, #MecanismeExemptionSecuriteNationale, #ResilienceEntiteCritique;R1437
Ne sait pas;France;Entreprise privée ou publique;Moyenne;Énergie;Gaz;Gestionnaires de réseau de distribution;-;-;Régulée EI;#OSE, #CriteresDePossibleInclusion, #MecanismeExemptionSecuriteNationale, #ResilienceEntiteCritique;R1438
Ne sait pas;France;Entreprise privée ou publique;Moyenne;Énergie;Gaz;Gestionnaire de réseau de transport;-;-;Régulée EI;#OSE, #CriteresDePossibleInclusion, #MecanismeExemptionSecuriteNationale, #ResilienceEntiteCritique;R1439
Ne sait pas;France;Entreprise privée ou publique;Moyenne;Énergie;Gaz;Gestionnaires d'installation de stockage;-;-;Régulée EI;#OSE, #CriteresDePossibleInclusion, #MecanismeExemptionSecuriteNationale, #ResilienceEntiteCritique;R1440
Ne sait pas;France;Entreprise privée ou publique;Moyenne;Énergie;Gaz;Gestionnaires d'installation de GNL;-;-;Régulée EI;#OSE, #CriteresDePossibleInclusion, #MecanismeExemptionSecuriteNationale, #ResilienceEntiteCritique;R1441
Ne sait pas;France;Entreprise privée ou publique;Moyenne;Énergie;Gaz;Autre activité;-;-;Non régulée;#OSE, #CriteresDePossibleInclusion, #ResilienceEntiteCritique;R1442
Ne sait pas;France;Entreprise privée ou publique;Moyenne;Énergie;Hydrogène;Exploitants de systèmes de production, de stockage et de transport d'hydrogène;-;-;Régulée EI;#OSE, #CriteresDePossibleInclusion, #MecanismeExemptionSecuriteNationale, #ResilienceEntiteCritique;R1443
Ne sait pas;France;Entreprise privée ou publique;Moyenne;Énergie;Hydrogène;Autre activité;-;-;Non régulée;#OSE, #CriteresDePossibleInclusion, #ResilienceEntiteCritique;R1444
Ne sait pas;France;Entreprise privée ou publique;Moyenne;Énergie;Pétrole;Exploitants d'oléoducs;-;-;Régulée EI;#OSE, #CriteresDePossibleInclusion, #MecanismeExemptionSecuriteNationale, #ResilienceEntiteCritique;R1445
Ne sait pas;France;Entreprise privée ou publique;Moyenne;Énergie;Pétrole;Exploitants d'installations de production, de raffinage, de traitement, de stockage et de transport de pétrole;-;-;Régulée EI;#OSE, #CriteresDePossibleInclusion, #MecanismeExemptionSecuriteNationale, #ResilienceEntiteCritique;R1446
Ne sait pas;France;Entreprise privée ou publique;Moyenne;Énergie;Pétrole;Entités centrales de stockage;-;-;Régulée EI;#OSE, #CriteresDePossibleInclusion, #MecanismeExemptionSecuriteNationale, #ResilienceEntiteCritique;R1447
Ne sait pas;France;Entreprise privée ou publique;Moyenne;Énergie;Pétrole;Autre activité;-;-;Non régulée;#OSE, #CriteresDePossibleInclusion, #ResilienceEntiteCritique;R1448
Ne sait pas;France;Entreprise privée ou publique;Moyenne;Énergie;Réseaux de chaleur et de froid;Opérateurs de réseaux de chaleur ou de réseaux de froid;-;-;Régulée EI;#OSE, #CriteresDePossibleInclusion, #MecanismeExemptionSecuriteNationale, #ResilienceEntiteCritique;R1449
Ne sait pas;France;Entreprise privée ou publique;Moyenne;Énergie;Réseaux de chaleur et de froid;Autre activité;-;-;Non régulée;#OSE, #CriteresDePossibleInclusion, #ResilienceEntiteCritique;R1450
Ne sait pas;France;Entreprise privée ou publique;Moyenne;Énergie;Autre sous-secteur;-;-;-;Non régulée;#OSE, #CriteresDePossibleInclusion, #ResilienceEntiteCritique;R1451
Ne sait pas;France;Entreprise privée ou publique;Moyenne;Espace;-;Exploitants d'infrastructures terrestres, détenues, gérées et exploitées par des États membres ou par des parties privées, qui soutiennent la fourniture de services spatiaux, à l'exclusion des fournisseurs de réseaux de communications électroniques publics;-;-;Régulée EI;#OSE, #CriteresDePossibleInclusion, #MecanismeExemptionSecuriteNationale, #ResilienceEntiteCritique;R1452
Ne sait pas;France;Entreprise privée ou publique;Moyenne;Espace;-;Autre activité;-;-;Non régulée;#OSE, #CriteresDePossibleInclusion, #ResilienceEntiteCritique;R1453
Ne sait pas;France;Entreprise privée ou publique;Moyenne;Fabrication;Fabrication de dispositifs médicaux et de dispositifs médicaux de diagnostic in vitro;Entités fabriquant des dispositifs médicaux et entités fabriquant des dispositifs médicaux de diagnostic in vitro, à l'exception des entités fabriquant des dispositifs médicaux mentionnés à l'annexe I, point 5, cinquième tiret, de la présente directive;-;-;Régulée EI;#OSE, #CriteresDePossibleInclusion, #MecanismeExemptionSecuriteNationale, #ResilienceEntiteCritique;R1454
Ne sait pas;France;Entreprise privée ou publique;Moyenne;Fabrication;Fabrication de dispositifs médicaux et de dispositifs médicaux de diagnostic in vitro;Autre activité;-;-;Non régulée;#OSE, #CriteresDePossibleInclusion, #ResilienceEntiteCritique;R1455
Ne sait pas;France;Entreprise privée ou publique;Moyenne;Fabrication;Fabrication d'équipements électriques;Fabrication de moteurs, génératrices et transformateurs électriques et de matériel de distribution et de commande électrique;-;-;Régulée EI;#OSE, #CriteresDePossibleInclusion, #MecanismeExemptionSecuriteNationale, #ResilienceEntiteCritique;R1456
Ne sait pas;France;Entreprise privée ou publique;Moyenne;Fabrication;Fabrication d'équipements électriques;Fabrication de piles et d'accumulateurs électriques;-;-;Régulée EI;#OSE, #CriteresDePossibleInclusion, #MecanismeExemptionSecuriteNationale, #ResilienceEntiteCritique;R1457
Ne sait pas;France;Entreprise privée ou publique;Moyenne;Fabrication;Fabrication d'équipements électriques;Fabrication de fils et câbles et de matériel d'installation électrique - Fabrication de câbles de fibres optiques - Fabrication d'autres fils et câbles électroniques ou électriques - Fabrication de matériel d'installation électrique;-;-;Régulée EI;#OSE, #CriteresDePossibleInclusion, #MecanismeExemptionSecuriteNationale, #ResilienceEntiteCritique;R1458
Ne sait pas;France;Entreprise privée ou publique;Moyenne;Fabrication;Fabrication d'équipements électriques;Fabrication d'appareils d'éclairage;-;-;Régulée EI;#OSE, #CriteresDePossibleInclusion, #MecanismeExemptionSecuriteNationale, #ResilienceEntiteCritique;R1459
Ne sait pas;France;Entreprise privée ou publique;Moyenne;Fabrication;Fabrication d'équipements électriques;Fabrication d'appareils ménagers - Fabrication d'appareils électroménagers - Fabrication d'appareils ménagers non électriques;-;-;Régulée EI;#OSE, #CriteresDePossibleInclusion, #MecanismeExemptionSecuriteNationale, #ResilienceEntiteCritique;R1460
Ne sait pas;France;Entreprise privée ou publique;Moyenne;Fabrication;Fabrication d'équipements électriques;Autre activité;-;-;Non régulée;#OSE, #CriteresDePossibleInclusion, #ResilienceEntiteCritique;R1461
Ne sait pas;France;Entreprise privée ou publique;Moyenne;Fabrication;Fabrication de produits informatiques, électroniques et optiques;Fabrication de produits informatiques, électroniques et optiques;-;-;Régulée EI;#OSE, #CriteresDePossibleInclusion, #MecanismeExemptionSecuriteNationale, #ResilienceEntiteCritique;R1462
Ne sait pas;France;Entreprise privée ou publique;Moyenne;Fabrication;Fabrication de produits informatiques, électroniques et optiques;Fabrication de composants et cartes électroniques - Fabrication de composants électroniques - Fabrication de cartes électroniques assemblées;-;-;Régulée EI;#OSE, #CriteresDePossibleInclusion, #MecanismeExemptionSecuriteNationale, #ResilienceEntiteCritique;R1463
Ne sait pas;France;Entreprise privée ou publique;Moyenne;Fabrication;Fabrication de produits informatiques, électroniques et optiques;Fabrication d'ordinateurs et d'équipements périphériques;-;-;Régulée EI;#OSE, #CriteresDePossibleInclusion, #MecanismeExemptionSecuriteNationale, #ResilienceEntiteCritique;R1464
Ne sait pas;France;Entreprise privée ou publique;Moyenne;Fabrication;Fabrication de produits informatiques, électroniques et optiques;Fabrication d'équipements de communication;-;-;Régulée EI;#OSE, #CriteresDePossibleInclusion, #MecanismeExemptionSecuriteNationale, #ResilienceEntiteCritique;R1465
Ne sait pas;France;Entreprise privée ou publique;Moyenne;Fabrication;Fabrication de produits informatiques, électroniques et optiques;Fabrication de produits électroniques grand public;-;-;Régulée EI;#OSE, #CriteresDePossibleInclusion, #MecanismeExemptionSecuriteNationale, #ResilienceEntiteCritique;R1466
Ne sait pas;France;Entreprise privée ou publique;Moyenne;Fabrication;Fabrication de produits informatiques, électroniques et optiques;"Fabrication d'instruments de mesure, d'essai et de navigation ; horlogerie";-;-;Régulée EI;#OSE, #CriteresDePossibleInclusion, #MecanismeExemptionSecuriteNationale, #ResilienceEntiteCritique;R1467
Ne sait pas;France;Entreprise privée ou publique;Moyenne;Fabrication;Fabrication de produits informatiques, électroniques et optiques;Fabrication d'équipements d'irradiation médicale, d'équipements électromédicaux et électrothérapeutiques;-;-;Régulée EI;#OSE, #CriteresDePossibleInclusion, #MecanismeExemptionSecuriteNationale, #ResilienceEntiteCritique;R1468
Ne sait pas;France;Entreprise privée ou publique;Moyenne;Fabrication;Fabrication de produits informatiques, électroniques et optiques;Fabrication de matériels optique et photographique et de supports magnétiques et optiques;-;-;Régulée EI;#OSE, #CriteresDePossibleInclusion, #MecanismeExemptionSecuriteNationale, #ResilienceEntiteCritique;R1469
Ne sait pas;France;Entreprise privée ou publique;Moyenne;Fabrication;Fabrication de produits informatiques, électroniques et optiques;Autre activité;-;-;Non régulée;#OSE, #CriteresDePossibleInclusion, #ResilienceEntiteCritique;R1470
Ne sait pas;France;Entreprise privée ou publique;Moyenne;Fabrication;Fabrication de machines et équipements n.c.a.;Fabrication de machines et équipements n.c.a.;-;-;Régulée EI;#OSE, #CriteresDePossibleInclusion, #MecanismeExemptionSecuriteNationale, #ResilienceEntiteCritique;R1471
Ne sait pas;France;Entreprise privée ou publique;Moyenne;Fabrication;Fabrication de machines et équipements n.c.a.;Fabrication de machines d'usage général - Fabrication de moteurs et turbines, à l'exception des moteurs d'avions et de véhicules - Fabrication d'équipements hydrauliques et pneumatiques - Fabrication d'autres pompes et compresseurs - Fabrication d'autres articles de robinetterie - Fabrication d'engrenages et d'organes mécaniques de transmission;-;-;Régulée EI;#OSE, #CriteresDePossibleInclusion, #MecanismeExemptionSecuriteNationale, #ResilienceEntiteCritique;R1472
Ne sait pas;France;Entreprise privée ou publique;Moyenne;Fabrication;Fabrication de machines et équipements n.c.a.;Fabrication d'autres machines d'usage général - Fabrication de fours et brûleurs et d'équipements fixes de chauffage domestique - Fabrication de matériel de levage et de manutention - Fabrication de machines et d'équipements de bureau (à l'exception des ordinateurs et équipements périphériques) - Fabrication d'outillage portatif à moteur incorporé - Fabrication d'équipements aérauliques et frigorifiques industriels - Fabrication de machines diverses d'usage général;-;-;Régulée EI;#OSE, #CriteresDePossibleInclusion, #MecanismeExemptionSecuriteNationale, #ResilienceEntiteCritique;R1473
Ne sait pas;France;Entreprise privée ou publique;Moyenne;Fabrication;Fabrication de machines et équipements n.c.a.;Fabrication de machines agricoles et forestières;-;-;Régulée EI;#OSE, #CriteresDePossibleInclusion, #MecanismeExemptionSecuriteNationale, #ResilienceEntiteCritique;R1474
Ne sait pas;France;Entreprise privée ou publique;Moyenne;Fabrication;Fabrication de machines et équipements n.c.a.;Fabrication de machines de formage des métaux et de machines-outils;-;-;Régulée EI;#OSE, #CriteresDePossibleInclusion, #MecanismeExemptionSecuriteNationale, #ResilienceEntiteCritique;R1475
Ne sait pas;France;Entreprise privée ou publique;Moyenne;Fabrication;Fabrication de machines et équipements n.c.a.;Fabrication d'autres machines d'usage spécifique - Fabrication de machines pour la métallurgie - Fabrication de machines pour l'extraction ou la construction - Fabrication de machines pour l'industrie agroalimentaire - Fabrication de machines pour les industries textiles et du cuir - Fabrication de machines pour les industries du papier et du carton - Fabrication de machines pour le travail du caoutchouc ou des plastiques - Fabrication de machines de fabrication additive - Fabrication d'autres machines d'usage spécifique n.c.a.;-;-;Régulée EI;#OSE, #CriteresDePossibleInclusion, #MecanismeExemptionSecuriteNationale, #ResilienceEntiteCritique;R1476
Ne sait pas;France;Entreprise privée ou publique;Moyenne;Fabrication;Fabrication de machines et équipements n.c.a.;Autre activité;-;-;Non régulée;#OSE, #CriteresDePossibleInclusion, #ResilienceEntiteCritique;R1477
Ne sait pas;France;Entreprise privée ou publique;Moyenne;Fabrication;Construction de véhicules automobiles, remorques et semi- remorques;Construction de véhicules automobiles;-;-;Régulée EI;#OSE, #CriteresDePossibleInclusion, #MecanismeExemptionSecuriteNationale, #ResilienceEntiteCritique;R1478
Ne sait pas;France;Entreprise privée ou publique;Moyenne;Fabrication;Construction de véhicules automobiles, remorques et semi- remorques;"Fabrication de carrosseries de véhicules automobiles; fabrication de remorques et de semi-remorques";-;-;Régulée EI;#OSE, #CriteresDePossibleInclusion, #MecanismeExemptionSecuriteNationale, #ResilienceEntiteCritique;R1479
Ne sait pas;France;Entreprise privée ou publique;Moyenne;Fabrication;Construction de véhicules automobiles, remorques et semi- remorques;Fabrication d'équipements automobiles - Fabrication d'équipements électriques et électroniques automobiles - Fabrication d'autres équipements automobiles;-;-;Régulée EI;#OSE, #CriteresDePossibleInclusion, #MecanismeExemptionSecuriteNationale, #ResilienceEntiteCritique;R1480
Ne sait pas;France;Entreprise privée ou publique;Moyenne;Fabrication;Construction de véhicules automobiles, remorques et semi- remorques;Autre activité;-;-;Non régulée;#OSE, #CriteresDePossibleInclusion, #ResilienceEntiteCritique;R1481
Ne sait pas;France;Entreprise privée ou publique;Moyenne;Fabrication;Fabrication d'autres matériels de transport;Construction navale;-;-;Régulée EI;#OSE, #CriteresDePossibleInclusion, #MecanismeExemptionSecuriteNationale, #ResilienceEntiteCritique;R1482
Ne sait pas;France;Entreprise privée ou publique;Moyenne;Fabrication;Fabrication d'autres matériels de transport;Construction de navires et de structures flottantes civiles;-;-;Régulée EI;#OSE, #CriteresDePossibleInclusion, #MecanismeExemptionSecuriteNationale, #ResilienceEntiteCritique;R1483
Ne sait pas;France;Entreprise privée ou publique;Moyenne;Fabrication;Fabrication d'autres matériels de transport;Construction de bateaux de plaisance;-;-;Régulée EI;#OSE, #CriteresDePossibleInclusion, #MecanismeExemptionSecuriteNationale, #ResilienceEntiteCritique;R1484
Ne sait pas;France;Entreprise privée ou publique;Moyenne;Fabrication;Fabrication d'autres matériels de transport;Construction de bateaux et navires militaires;-;-;Régulée EI;#OSE, #CriteresDePossibleInclusion, #MecanismeExemptionSecuriteNationale, #ResilienceEntiteCritique;R1485
Ne sait pas;France;Entreprise privée ou publique;Moyenne;Fabrication;Fabrication d'autres matériels de transport;Construction de locomotives et d'autre matériel ferroviaire roulant;-;-;Régulée EI;#OSE, #CriteresDePossibleInclusion, #MecanismeExemptionSecuriteNationale, #ResilienceEntiteCritique;R1486
Ne sait pas;France;Entreprise privée ou publique;Moyenne;Fabrication;Fabrication d'autres matériels de transport;Construction aéronautique et spatiale - Construction aéronautique et spatiale civile - Construction aéronautique et spatiale militaire;-;-;Régulée EI;#OSE, #CriteresDePossibleInclusion, #MecanismeExemptionSecuriteNationale, #ResilienceEntiteCritique;R1487
Ne sait pas;France;Entreprise privée ou publique;Moyenne;Fabrication;Fabrication d'autres matériels de transport;Construction de véhicules militaires de combat;-;-;Régulée EI;#OSE, #CriteresDePossibleInclusion, #MecanismeExemptionSecuriteNationale, #ResilienceEntiteCritique;R1488
Ne sait pas;France;Entreprise privée ou publique;Moyenne;Fabrication;Fabrication d'autres matériels de transport;Fabrication de matériels de transport n.c.a. - Fabrication de motocycles - Fabrication de bicyclettes et de véhicules pour invalides - Fabrication d'autres équipements de transport n.c.a.;-;-;Régulée EI;#OSE, #CriteresDePossibleInclusion, #MecanismeExemptionSecuriteNationale, #ResilienceEntiteCritique;R1489
Ne sait pas;France;Entreprise privée ou publique;Moyenne;Fabrication;Fabrication d'autres matériels de transport;Autre activité;-;-;Non régulée;#OSE, #CriteresDePossibleInclusion, #ResilienceEntiteCritique;R1490
Ne sait pas;France;Entreprise privée ou publique;Moyenne;Fabrication;Autre sous-secteur;-;-;-;Non régulée;#OSE, #CriteresDePossibleInclusion, #ResilienceEntiteCritique;R1491
Ne sait pas;France;Entreprise privée ou publique;Moyenne;Fabrication, production et distribution de produits chimiques;-;Entreprises procédant à la fabrication de substances et à la distribution de substances ou de mélanges et entreprises procédant à la production d'articles, à partir de substances ou de mélanges;-;-;Régulée EI;#OSE, #CriteresDePossibleInclusion, #MecanismeExemptionSecuriteNationale, #ResilienceEntiteCritique;R1492
Ne sait pas;France;Entreprise privée ou publique;Moyenne;Fabrication, production et distribution de produits chimiques;-;Autre activité;-;-;Non régulée;#OSE, #CriteresDePossibleInclusion, #ResilienceEntiteCritique;R1493
Ne sait pas;France;Entreprise privée ou publique;Moyenne;Gestion des déchets;-;Entreprises exécutant des opérations de gestion des déchets, à l'exclusion des entreprises pour lesquelles la gestion des déchets n'est pas la principale activité économique;-;-;Régulée EI;#OSE, #CriteresDePossibleInclusion, #MecanismeExemptionSecuriteNationale, #ResilienceEntiteCritique;R1494
Ne sait pas;France;Entreprise privée ou publique;Moyenne;Gestion des déchets;-;Autre activité;-;-;Non régulée;#OSE, #CriteresDePossibleInclusion, #ResilienceEntiteCritique;R1495
Ne sait pas;France;Entreprise privée ou publique;Moyenne;Infrastructure des marchés financiers;-;Exploitants de plates-formes de négociation;-;-;Régulée EI;#OSE, #CriteresDePossibleInclusion, #MecanismeExemptionSecuriteNationale, #ResilienceEntiteCritique, #DORA;R1496
Ne sait pas;France;Entreprise privée ou publique;Moyenne;Infrastructure des marchés financiers;-;Contreparties centrales;-;-;Régulée EI;#OSE, #CriteresDePossibleInclusion, #MecanismeExemptionSecuriteNationale, #ResilienceEntiteCritique, #DORA;R1497
Ne sait pas;France;Entreprise privée ou publique;Moyenne;Infrastructure des marchés financiers;-;Autre activité;-;-;Non régulée;#OSE, #CriteresDePossibleInclusion, #DORA, #ResilienceEntiteCritique;R1498
Ne sait pas;France;Entreprise privée ou publique;Moyenne;Production transformation et distribution de denrées alimentaires;-;Entreprises du secteur alimentaire qui exercent des activités de distribution en gros ainsi que de production et de transformation industrielles;-;-;Régulée EI;#OSE, #CriteresDePossibleInclusion, #MecanismeExemptionSecuriteNationale, #ResilienceEntiteCritique;R1499
Ne sait pas;France;Entreprise privée ou publique;Moyenne;Production transformation et distribution de denrées alimentaires;-;Autre activité;-;-;Non régulée;#OSE, #CriteresDePossibleInclusion, #ResilienceEntiteCritique;R1500
Ne sait pas;France;Entreprise privée ou publique;Moyenne;Recherche;-;Organismes de recherche;-;-;Régulée EI;#OSE, #CriteresDePossibleInclusion, #MecanismeExemptionSecuriteNationale, #ResilienceEntiteCritique;R1501
Ne sait pas;France;Entreprise privée ou publique;Moyenne;Recherche;-;Autre activité;-;-;Non régulée;#OSE, #CriteresDePossibleInclusion, #ResilienceEntiteCritique;R1502
Ne sait pas;France;Entreprise privée ou publique;Moyenne;Santé;-;Prestataires de soins de santé;-;-;Régulée EI;#OSE, #CriteresDePossibleInclusion, #MecanismeExemptionSecuriteNationale, #ResilienceEntiteCritique;R1503
Ne sait pas;France;Entreprise privée ou publique;Moyenne;Santé;-;Laboratoires de référence de l'Union européenne;-;-;Régulée EI;#OSE, #CriteresDePossibleInclusion, #MecanismeExemptionSecuriteNationale, #ResilienceEntiteCritique;R1504
Ne sait pas;France;Entreprise privée ou publique;Moyenne;Santé;-;Entités exerçant des activités de recherche et de développement dans le domaine des médicaments;-;-;Régulée EI;#OSE, #CriteresDePossibleInclusion, #MecanismeExemptionSecuriteNationale, #ResilienceEntiteCritique;R1505
Ne sait pas;France;Entreprise privée ou publique;Moyenne;Santé;-;Entités fabriquant des produits pharmaceutiques de base et des préparations pharmaceutiques;-;-;Régulée EI;#OSE, #CriteresDePossibleInclusion, #MecanismeExemptionSecuriteNationale, #ResilienceEntiteCritique;R1506
Ne sait pas;France;Entreprise privée ou publique;Moyenne;Santé;-;Entités fabriquant des dispositifs médicaux considérés comme critiques en cas d'urgence de santé publique;-;-;Régulée EI;#OSE, #CriteresDePossibleInclusion, #MecanismeExemptionSecuriteNationale, #ResilienceEntiteCritique;R1507
Ne sait pas;France;Entreprise privée ou publique;Moyenne;Santé;-;Autre activité;-;-;Non régulée;#OSE, #CriteresDePossibleInclusion, #ResilienceEntiteCritique;R1508
Ne sait pas;France;Entreprise privée ou publique;Moyenne;Services postaux et d'expédition;-;Prestataires de services postaux, y compris les prestataires de services d'expédition;-;-;Régulée EI;#OSE, #CriteresDePossibleInclusion, #MecanismeExemptionSecuriteNationale, #ResilienceEntiteCritique;R1509
Ne sait pas;France;Entreprise privée ou publique;Moyenne;Services postaux et d'expédition;-;Autre activité;-;-;Non régulée;#OSE, #CriteresDePossibleInclusion, #ResilienceEntiteCritique;R1510
Ne sait pas;France;Entreprise privée ou publique;Moyenne;Transports;Aériens;Transporteurs aériens à des fins commerciales;-;-;Régulée EI;#OSE, #CriteresDePossibleInclusion, #MecanismeExemptionSecuriteNationale, #ResilienceEntiteCritique;R1511
Ne sait pas;France;Entreprise privée ou publique;Moyenne;Transports;Aériens;Entités gestionnaires d'aéroports, aéroports, y compris les aéroports du réseau central, et entités exploitant les installations annexes se trouvant dans les aéroports;-;-;Régulée EI;#OSE, #CriteresDePossibleInclusion, #MecanismeExemptionSecuriteNationale, #ResilienceEntiteCritique;R1512
Ne sait pas;France;Entreprise privée ou publique;Moyenne;Transports;Aériens;Services du contrôle de la circulation aérienne;-;-;Régulée EI;#OSE, #CriteresDePossibleInclusion, #MecanismeExemptionSecuriteNationale, #ResilienceEntiteCritique;R1513
Ne sait pas;France;Entreprise privée ou publique;Moyenne;Transports;Aériens;Autre activité;-;-;Non régulée;#OSE, #CriteresDePossibleInclusion, #ResilienceEntiteCritique;R1514
Ne sait pas;France;Entreprise privée ou publique;Moyenne;Transports;Ferroviaires;Gestionnaires des infrastructures;-;-;Régulée EI;#OSE, #CriteresDePossibleInclusion, #MecanismeExemptionSecuriteNationale, #ResilienceEntiteCritique;R1515
Ne sait pas;France;Entreprise privée ou publique;Moyenne;Transports;Ferroviaires;Entreprises ferroviaires, y compris les exploitants d'installation de service;-;-;Régulée EI;#OSE, #CriteresDePossibleInclusion, #MecanismeExemptionSecuriteNationale, #ResilienceEntiteCritique;R1516
Ne sait pas;France;Entreprise privée ou publique;Moyenne;Transports;Ferroviaires;Autre activité;-;-;Non régulée;#OSE, #CriteresDePossibleInclusion, #ResilienceEntiteCritique;R1517
Ne sait pas;France;Entreprise privée ou publique;Moyenne;Transports;Par eau;Sociétés de transport par voie d'eau intérieure, maritime et côtier de passagers et de fret, à l'exclusion des navires exploités à titre individuel par ces sociétés;-;-;Régulée EI;#OSE, #CriteresDePossibleInclusion, #MecanismeExemptionSecuriteNationale, #ResilienceEntiteCritique;R1518
Ne sait pas;France;Entreprise privée ou publique;Moyenne;Transports;Par eau;Entités gestionnaires des ports, y compris les installations portuaires, ainsi que les entités exploitant des infrastructures et des équipements à l'intérieur des ports;-;-;Régulée EI;#OSE, #CriteresDePossibleInclusion, #MecanismeExemptionSecuriteNationale, #ResilienceEntiteCritique;R1519
Ne sait pas;France;Entreprise privée ou publique;Moyenne;Transports;Par eau;Exploitants de services de trafic maritime (STM);-;-;Régulée EI;#OSE, #CriteresDePossibleInclusion, #MecanismeExemptionSecuriteNationale, #ResilienceEntiteCritique;R1520
Ne sait pas;France;Entreprise privée ou publique;Moyenne;Transports;Par eau;Autre activité;-;-;Non régulée;#OSE, #CriteresDePossibleInclusion, #ResilienceEntiteCritique;R1521
Ne sait pas;France;Entreprise privée ou publique;Moyenne;Transports;Routiers;Autorités routières chargées du contrôle de la gestion de la circulation, à l'exclusion des entités publiques pour lesquelles la gestion de la circulation ou l'exploitation de systèmes de transport intelligents constituent une partie non essentielle de leur activité générale;-;-;Régulée EI;#OSE, #CriteresDePossibleInclusion, #MecanismeExemptionSecuriteNationale, #ResilienceEntiteCritique;R1522
Ne sait pas;France;Entreprise privée ou publique;Moyenne;Transports;Routiers;Exploitants de systèmes de transport intelligents;-;-;Régulée EI;#OSE, #CriteresDePossibleInclusion, #MecanismeExemptionSecuriteNationale, #ResilienceEntiteCritique;R1523
Ne sait pas;France;Entreprise privée ou publique;Moyenne;Transports;Routiers;Autre activité;-;-;Non régulée;#OSE, #CriteresDePossibleInclusion, #ResilienceEntiteCritique;R1524
Ne sait pas;France;Entreprise privée ou publique;Moyenne;Transports;Autre sous-secteur;-;-;-;Non régulée;#OSE, #CriteresDePossibleInclusion, #ResilienceEntiteCritique;R1525
Ne sait pas;France;Entreprise privée ou publique;Moyenne;Autre secteur d'activité;-;-;-;-;Non régulée;#OSE;R1526
Ne sait pas;France;Entreprise privée ou publique;Grande;Infrastructure numérique;-;Fournisseur de réseaux de communications électroniques publics;France;-;Régulée EE;#MecanismeExemptionSecuriteNationale;R1527
Ne sait pas;France;Entreprise privée ou publique;Grande;Infrastructure numérique;-;Fournisseur de réseaux de communications électroniques publics;Autres États membres de l'Union Européenne;-;Régulée, sans précision EE/EI;#OSE, #TelecomAutresEMdelUEUniquement;R1528
Ne sait pas;France;Entreprise privée ou publique;Grande;Infrastructure numérique;-;Fournisseur de réseaux de communications électroniques publics;Autres États hors Union Européenne;-;Non régulée;#OSE;R1529
Ne sait pas;France;Entreprise privée ou publique;Grande;Infrastructure numérique;-;Fournisseur de réseaux de communications électroniques publics;France + Autres États membres de l'Union Européenne;-;Régulée EE;#TelecomFranceEtAutresEMdelUE, #MecanismeExemptionSecuriteNationale;R1530
Ne sait pas;France;Entreprise privée ou publique;Grande;Infrastructure numérique;-;Fournisseur de réseaux de communications électroniques publics;France + Autres États hors Union Européenne;-;Régulée EE;#MecanismeExemptionSecuriteNationale;R1531
Ne sait pas;France;Entreprise privée ou publique;Grande;Infrastructure numérique;-;Fournisseur de réseaux de communications électroniques publics;Autres États membres de l'Union Européenne + Autres États hors Union Européenne;-;Régulée, sans précision EE/EI;#OSE, #TelecomAutresEMdelUEUniquement;R1532
Ne sait pas;France;Entreprise privée ou publique;Grande;Infrastructure numérique;-;Fournisseur de réseaux de communications électroniques publics;France + Autres États membres de l'Union Européenne + Autres États hors Union Européenne;-;Régulée EE;#TelecomFranceEtAutresEMdelUE, #MecanismeExemptionSecuriteNationale;R1533
Ne sait pas;France;Entreprise privée ou publique;Grande;Infrastructure numérique;-;Fournisseur de services de communications électroniques accessibles au public;France;-;Régulée EE;#MecanismeExemptionSecuriteNationale;R1534
Ne sait pas;France;Entreprise privée ou publique;Grande;Infrastructure numérique;-;Fournisseur de services de communications électroniques accessibles au public;Autres États membres de l'Union Européenne;-;Régulée, sans précision EE/EI;#OSE, #TelecomAutresEMdelUEUniquement;R1535
Ne sait pas;France;Entreprise privée ou publique;Grande;Infrastructure numérique;-;Fournisseur de services de communications électroniques accessibles au public;Autres États hors Union Européenne;-;Non régulée;#OSE;R1536
Ne sait pas;France;Entreprise privée ou publique;Grande;Infrastructure numérique;-;Fournisseur de services de communications électroniques accessibles au public;France + Autres États membres de l'Union Européenne;-;Régulée EE;#TelecomFranceEtAutresEMdelUE, #MecanismeExemptionSecuriteNationale;R1537
Ne sait pas;France;Entreprise privée ou publique;Grande;Infrastructure numérique;-;Fournisseur de services de communications électroniques accessibles au public;France + Autres États hors Union Européenne;-;Régulée EE;#MecanismeExemptionSecuriteNationale;R1538
Ne sait pas;France;Entreprise privée ou publique;Grande;Infrastructure numérique;-;Fournisseur de services de communications électroniques accessibles au public;Autres États membres de l'Union Européenne + Autres États hors Union Européenne;-;Régulée, sans précision EE/EI;#OSE, #TelecomAutresEMdelUEUniquement;R1539
Ne sait pas;France;Entreprise privée ou publique;Grande;Infrastructure numérique;-;Fournisseur de services de communications électroniques accessibles au public;France + Autres États membres de l'Union Européenne + Autres États hors Union Européenne;-;Régulée EE;#TelecomFranceEtAutresEMdelUE, #MecanismeExemptionSecuriteNationale;R1540
Ne sait pas;France;Entreprise privée ou publique;Grande;Infrastructure numérique;-;Fournisseur de services DNS, à l'exclusion des opérateurs de serveurs racines de noms de domaines;-;France;Régulée EE;#MecanismeExemptionSecuriteNationale;R1541
Ne sait pas;France;Entreprise privée ou publique;Grande;Infrastructure numérique;-;Fournisseur de services DNS, à l'exclusion des opérateurs de serveurs racines de noms de domaines;-;Autres États membres de l'Union Européenne;Régulée, sans précision EE/EI;#OSE, #NumeriqueEtabliEMUEhorsFrance ;R1542
Ne sait pas;France;Entreprise privée ou publique;Grande;Infrastructure numérique;-;Registre de noms de domaines de premier niveau;-;France;Régulée EE;#MecanismeExemptionSecuriteNationale;R1543
Ne sait pas;France;Entreprise privée ou publique;Grande;Infrastructure numérique;-;Registre de noms de domaines de premier niveau;-;Autres États membres de l'Union Européenne;Régulée, sans précision EE/EI;#OSE, #NumeriqueEtabliEMUEhorsFrance ;R1544
Ne sait pas;France;Entreprise privée ou publique;Grande;Infrastructure numérique;-;Fournisseur de services d'informatique en nuage;-;France;Régulée EE;#MecanismeExemptionSecuriteNationale;R1545
Ne sait pas;France;Entreprise privée ou publique;Grande;Infrastructure numérique;-;Fournisseur de services d'informatique en nuage;-;Autres États membres de l'Union Européenne;Régulée, sans précision EE/EI;#OSE, #NumeriqueEtabliEMUEhorsFrance ;R1546
Ne sait pas;France;Entreprise privée ou publique;Grande;Infrastructure numérique;-;Fournisseur de services de centres de données;-;France;Régulée EE;#MecanismeExemptionSecuriteNationale;R1547
Ne sait pas;France;Entreprise privée ou publique;Grande;Infrastructure numérique;-;Fournisseur de services de centres de données;-;Autres États membres de l'Union Européenne;Régulée, sans précision EE/EI;#OSE, #NumeriqueEtabliEMUEhorsFrance ;R1548
Ne sait pas;France;Entreprise privée ou publique;Grande;Infrastructure numérique;-;Fournisseur de réseaux de diffusion de contenu;-;France;Régulée EE;#MecanismeExemptionSecuriteNationale;R1549
Ne sait pas;France;Entreprise privée ou publique;Grande;Infrastructure numérique;-;Fournisseur de réseaux de diffusion de contenu;-;Autres États membres de l'Union Européenne;Régulée, sans précision EE/EI;#OSE, #NumeriqueEtabliEMUEhorsFrance ;R1550
Ne sait pas;France;Entreprise privée ou publique;Grande;Infrastructure numérique;-;Fournisseur des services d'enregistrement de noms de domaine;-;France;Régulée, enregistrement seul;#OSE, #EnregistrementNomsDeDomaine, #ResilienceEntiteCritique, #MecanismeExemptionSecuriteNationale;R1551
Ne sait pas;France;Entreprise privée ou publique;Grande;Infrastructure numérique;-;Fournisseur des services d'enregistrement de noms de domaine;-;Autres États membres de l'Union Européenne;Régulée, sans précision EE/EI;#OSE, #NumeriqueEtabliEMUEhorsFrance ;R1552
Ne sait pas;France;Entreprise privée ou publique;Grande;Infrastructure numérique;-;Prestataire de service de confiance qualifié;-;-;Régulée EE;#MecanismeExemptionSecuriteNationale;R1553
Ne sait pas;France;Entreprise privée ou publique;Grande;Infrastructure numérique;-;Prestataire de service de confiance non qualifié;-;-;Régulée EE;#MecanismeExemptionSecuriteNationale;R1554
Ne sait pas;France;Entreprise privée ou publique;Grande;Infrastructure numérique;-;Fournisseur de points d'échange internet;-;-;Régulée EE;#MecanismeExemptionSecuriteNationale;R1555
Ne sait pas;France;Entreprise privée ou publique;Grande;Infrastructure numérique;-;Autre activité;-;-;Non régulée;#OSE, #CriteresDePossibleInclusion, #ResilienceEntiteCritique;R1556
Ne sait pas;France;Entreprise privée ou publique;Grande;Gestion des services TIC;-;Fournisseur de services gérés;-;France;Régulée EE;#MecanismeExemptionSecuriteNationale;R1557
Ne sait pas;France;Entreprise privée ou publique;Grande;Gestion des services TIC;-;Fournisseur de services gérés;-;Autres États membres de l'Union Européenne;Régulée, sans précision EE/EI;#OSE, #NumeriqueEtabliEMUEhorsFrance ;R1558
Ne sait pas;France;Entreprise privée ou publique;Grande;Gestion des services TIC;-;Fournisseur de services de sécurité gérés;-;France;Régulée EE;#MecanismeExemptionSecuriteNationale;R1559
Ne sait pas;France;Entreprise privée ou publique;Grande;Gestion des services TIC;-;Fournisseur de services de sécurité gérés;-;Autres États membres de l'Union Européenne;Régulée, sans précision EE/EI;#OSE, #NumeriqueEtabliEMUEhorsFrance ;R1560
Ne sait pas;France;Entreprise privée ou publique;Grande;Gestion des services TIC;-;Autre activité;-;-;Non régulée;#OSE, #CriteresDePossibleInclusion, #ResilienceEntiteCritique;R1561
Ne sait pas;France;Entreprise privée ou publique;Grande;Fournisseurs numériques;-;Fournisseur de places de marché en ligne;-;France;Régulée EI;#OSE, #CriteresDePossibleInclusion, #MecanismeExemptionSecuriteNationale, #ResilienceEntiteCritique;R1562
Ne sait pas;France;Entreprise privée ou publique;Grande;Fournisseurs numériques;-;Fournisseur de places de marché en ligne;-;Autres États membres de l'Union Européenne;Régulée, sans précision EE/EI;#OSE, #NumeriqueEtabliEMUEhorsFrance ;R1563
Ne sait pas;France;Entreprise privée ou publique;Grande;Fournisseurs numériques;-;Fournisseur de moteurs de recherche en ligne;-;France;Régulée EI;#OSE, #CriteresDePossibleInclusion, #MecanismeExemptionSecuriteNationale, #ResilienceEntiteCritique;R1564
Ne sait pas;France;Entreprise privée ou publique;Grande;Fournisseurs numériques;-;Fournisseur de moteurs de recherche en ligne;-;Autres États membres de l'Union Européenne;Régulée, sans précision EE/EI;#OSE, #NumeriqueEtabliEMUEhorsFrance ;R1565
Ne sait pas;France;Entreprise privée ou publique;Grande;Fournisseurs numériques;-;Fournisseur de plateformes de services de réseaux sociaux;-;France;Régulée EI;#OSE, #CriteresDePossibleInclusion, #MecanismeExemptionSecuriteNationale, #ResilienceEntiteCritique;R1566
Ne sait pas;France;Entreprise privée ou publique;Grande;Fournisseurs numériques;-;Fournisseur de plateformes de services de réseaux sociaux;-;Autres États membres de l'Union Européenne;Régulée, sans précision EE/EI;#OSE, #NumeriqueEtabliEMUEhorsFrance ;R1567
Ne sait pas;France;Entreprise privée ou publique;Grande;Fournisseurs numériques;-;Autre activité;-;-;Non régulée;#OSE, #CriteresDePossibleInclusion, #ResilienceEntiteCritique;R1568
Ne sait pas;France;Entreprise privée ou publique;Grande;Banques (secteur bancaire);-;Établissements de crédit;-;-;Régulée EE;#MecanismeExemptionSecuriteNationale, #DORA;R1569
Ne sait pas;France;Entreprise privée ou publique;Grande;Banques (secteur bancaire);-;Autre activité;-;-;Non régulée;#OSE, #CriteresDePossibleInclusion, #DORA, #ResilienceEntiteCritique;R1570
Ne sait pas;France;Entreprise privée ou publique;Grande;Eau potable;-;Fournisseurs et distributeurs d'eaux destinées à la consommation humaine, à l'exclusion des distributeurs pour lesquels la distribution d'eaux destinées à la consommation humaine constitue une partie non essentielle de leur activité générale de distribution d'autres produits et biens;-;-;Régulée EE;#MecanismeExemptionSecuriteNationale;R1571
Ne sait pas;France;Entreprise privée ou publique;Grande;Eau potable;-;Autre activité;-;-;Non régulée;#OSE, #CriteresDePossibleInclusion, #ResilienceEntiteCritique;R1572
Ne sait pas;France;Entreprise privée ou publique;Grande;Eaux usées;-;Entreprises collectant, évacuant ou traitant les eaux urbaines résiduaires, les eaux ménagères usées ou les eaux industrielles usées, à l'exclusion des entreprises pour lesquelles la collecte, l'évacuation ou le traitement des eaux urbaines résiduaires, des eaux ménagères usées ou des eaux industrielles usées constituent une partie non essentielle de leur activité générale;-;-;Régulée EE;#MecanismeExemptionSecuriteNationale;R1573
Ne sait pas;France;Entreprise privée ou publique;Grande;Eaux usées;-;Autre activité;-;-;Non régulée;#OSE, #CriteresDePossibleInclusion, #ResilienceEntiteCritique;R1574
Ne sait pas;France;Entreprise privée ou publique;Grande;Énergie;Électricité;Acteurs du marché fournissant des services d'agrégation, de participation active de la demande ou de stockage d'énergie;-;-;Régulée EE;#MecanismeExemptionSecuriteNationale;R1575
Ne sait pas;France;Entreprise privée ou publique;Grande;Énergie;Électricité;Entreprise d'électricité remplissant une fonction de fourniture;-;-;Régulée EE;#MecanismeExemptionSecuriteNationale;R1576
Ne sait pas;France;Entreprise privée ou publique;Grande;Énergie;Électricité;Exploitants d'un point de recharge qui sont responsables de la gestion et de l'exploitation d'un point de recharge, lequel fournit un service de recharge aux utilisateurs finals, y compris au nom et pour le compte d'un prestataire de services de mobilité;-;-;Régulée EE;#MecanismeExemptionSecuriteNationale;R1577
Ne sait pas;France;Entreprise privée ou publique;Grande;Énergie;Électricité;Gestionnaire de réseau de distribution;-;-;Régulée EE;#MecanismeExemptionSecuriteNationale;R1578
Ne sait pas;France;Entreprise privée ou publique;Grande;Énergie;Électricité;Gestionnaire de réseau de transport;-;-;Régulée EE;#MecanismeExemptionSecuriteNationale;R1579
Ne sait pas;France;Entreprise privée ou publique;Grande;Énergie;Électricité;Opérateur désigné du marché ou NEMO;-;-;Régulée EE;#MecanismeExemptionSecuriteNationale;R1580
Ne sait pas;France;Entreprise privée ou publique;Grande;Énergie;Électricité;Producteurs;-;-;Régulée EE;#MecanismeExemptionSecuriteNationale;R1581
Ne sait pas;France;Entreprise privée ou publique;Grande;Énergie;Électricité;Autre activité;-;-;Non régulée;#OSE, #CriteresDePossibleInclusion, #ResilienceEntiteCritique;R1582
Ne sait pas;France;Entreprise privée ou publique;Grande;Énergie;Gaz;Entreprises de fourniture;-;-;Régulée EE;#MecanismeExemptionSecuriteNationale;R1583
Ne sait pas;France;Entreprise privée ou publique;Grande;Énergie;Gaz;Gestionnaires de réseau de distribution;-;-;Régulée EE;#MecanismeExemptionSecuriteNationale;R1584
Ne sait pas;France;Entreprise privée ou publique;Grande;Énergie;Gaz;Gestionnaire de réseau de transport;-;-;Régulée EE;#MecanismeExemptionSecuriteNationale;R1585
Ne sait pas;France;Entreprise privée ou publique;Grande;Énergie;Gaz;Gestionnaires d'installation de stockage;-;-;Régulée EE;#MecanismeExemptionSecuriteNationale;R1586
Ne sait pas;France;Entreprise privée ou publique;Grande;Énergie;Gaz;Gestionnaires d'installation de GNL;-;-;Régulée EE;#MecanismeExemptionSecuriteNationale;R1587
Ne sait pas;France;Entreprise privée ou publique;Grande;Énergie;Gaz;Autre activité;-;-;Non régulée;#OSE, #CriteresDePossibleInclusion, #ResilienceEntiteCritique;R1588
Ne sait pas;France;Entreprise privée ou publique;Grande;Énergie;Hydrogène;Exploitants de systèmes de production, de stockage et de transport d'hydrogène;-;-;Régulée EE;#MecanismeExemptionSecuriteNationale;R1589
Ne sait pas;France;Entreprise privée ou publique;Grande;Énergie;Hydrogène;Autre activité;-;-;Non régulée;#OSE, #CriteresDePossibleInclusion, #ResilienceEntiteCritique;R1590
Ne sait pas;France;Entreprise privée ou publique;Grande;Énergie;Pétrole;Exploitants d'oléoducs;-;-;Régulée EE;#MecanismeExemptionSecuriteNationale;R1591
Ne sait pas;France;Entreprise privée ou publique;Grande;Énergie;Pétrole;Exploitants d'installations de production, de raffinage, de traitement, de stockage et de transport de pétrole;-;-;Régulée EE;#MecanismeExemptionSecuriteNationale;R1592
Ne sait pas;France;Entreprise privée ou publique;Grande;Énergie;Pétrole;Entités centrales de stockage;-;-;Régulée EE;#MecanismeExemptionSecuriteNationale;R1593
Ne sait pas;France;Entreprise privée ou publique;Grande;Énergie;Pétrole;Autre activité;-;-;Non régulée;#OSE, #CriteresDePossibleInclusion, #ResilienceEntiteCritique;R1594
Ne sait pas;France;Entreprise privée ou publique;Grande;Énergie;Réseaux de chaleur et de froid;Opérateurs de réseaux de chaleur ou de réseaux de froid;-;-;Régulée EE;#MecanismeExemptionSecuriteNationale;R1595
Ne sait pas;France;Entreprise privée ou publique;Grande;Énergie;Réseaux de chaleur et de froid;Autre activité;-;-;Non régulée;#OSE, #CriteresDePossibleInclusion, #ResilienceEntiteCritique;R1596
Ne sait pas;France;Entreprise privée ou publique;Grande;Énergie;Autre sous-secteur;-;-;-;Non régulée;#OSE, #CriteresDePossibleInclusion, #ResilienceEntiteCritique;R1597
Ne sait pas;France;Entreprise privée ou publique;Grande;Espace;-;Exploitants d'infrastructures terrestres, détenues, gérées et exploitées par des États membres ou par des parties privées, qui soutiennent la fourniture de services spatiaux, à l'exclusion des fournisseurs de réseaux de communications électroniques publics;-;-;Régulée EE;#MecanismeExemptionSecuriteNationale;R1598
Ne sait pas;France;Entreprise privée ou publique;Grande;Espace;-;Autre activité;-;-;Non régulée;#OSE, #CriteresDePossibleInclusion, #ResilienceEntiteCritique;R1599
Ne sait pas;France;Entreprise privée ou publique;Grande;Fabrication;Fabrication de dispositifs médicaux et de dispositifs médicaux de diagnostic in vitro;Entités fabriquant des dispositifs médicaux et entités fabriquant des dispositifs médicaux de diagnostic in vitro, à l'exception des entités fabriquant des dispositifs médicaux mentionnés à l'annexe I, point 5, cinquième tiret, de la présente directive;-;-;Régulée EI;#OSE, #CriteresDePossibleInclusion, #MecanismeExemptionSecuriteNationale, #ResilienceEntiteCritique;R1600
Ne sait pas;France;Entreprise privée ou publique;Grande;Fabrication;Fabrication de dispositifs médicaux et de dispositifs médicaux de diagnostic in vitro;Autre activité;-;-;Non régulée;#OSE, #CriteresDePossibleInclusion, #ResilienceEntiteCritique;R1601
Ne sait pas;France;Entreprise privée ou publique;Grande;Fabrication;Fabrication d'équipements électriques;Fabrication de moteurs, génératrices et transformateurs électriques et de matériel de distribution et de commande électrique;-;-;Régulée EI;#OSE, #CriteresDePossibleInclusion, #MecanismeExemptionSecuriteNationale, #ResilienceEntiteCritique;R1602
Ne sait pas;France;Entreprise privée ou publique;Grande;Fabrication;Fabrication d'équipements électriques;Fabrication de piles et d'accumulateurs électriques;-;-;Régulée EI;#OSE, #CriteresDePossibleInclusion, #MecanismeExemptionSecuriteNationale, #ResilienceEntiteCritique;R1603
Ne sait pas;France;Entreprise privée ou publique;Grande;Fabrication;Fabrication d'équipements électriques;Fabrication de fils et câbles et de matériel d'installation électrique - Fabrication de câbles de fibres optiques - Fabrication d'autres fils et câbles électroniques ou électriques - Fabrication de matériel d'installation électrique;-;-;Régulée EI;#OSE, #CriteresDePossibleInclusion, #MecanismeExemptionSecuriteNationale, #ResilienceEntiteCritique;R1604
Ne sait pas;France;Entreprise privée ou publique;Grande;Fabrication;Fabrication d'équipements électriques;Fabrication d'appareils d'éclairage;-;-;Régulée EI;#OSE, #CriteresDePossibleInclusion, #MecanismeExemptionSecuriteNationale, #ResilienceEntiteCritique;R1605
Ne sait pas;France;Entreprise privée ou publique;Grande;Fabrication;Fabrication d'équipements électriques;Fabrication d'appareils ménagers - Fabrication d'appareils électroménagers - Fabrication d'appareils ménagers non électriques;-;-;Régulée EI;#OSE, #CriteresDePossibleInclusion, #MecanismeExemptionSecuriteNationale, #ResilienceEntiteCritique;R1606
Ne sait pas;France;Entreprise privée ou publique;Grande;Fabrication;Fabrication d'équipements électriques;Autre activité;-;-;Non régulée;#OSE, #CriteresDePossibleInclusion, #ResilienceEntiteCritique;R1607
Ne sait pas;France;Entreprise privée ou publique;Grande;Fabrication;Fabrication de produits informatiques, électroniques et optiques;Fabrication de produits informatiques, électroniques et optiques;-;-;Régulée EI;#OSE, #CriteresDePossibleInclusion, #MecanismeExemptionSecuriteNationale, #ResilienceEntiteCritique;R1608
Ne sait pas;France;Entreprise privée ou publique;Grande;Fabrication;Fabrication de produits informatiques, électroniques et optiques;Fabrication de composants et cartes électroniques - Fabrication de composants électroniques - Fabrication de cartes électroniques assemblées;-;-;Régulée EI;#OSE, #CriteresDePossibleInclusion, #MecanismeExemptionSecuriteNationale, #ResilienceEntiteCritique;R1609
Ne sait pas;France;Entreprise privée ou publique;Grande;Fabrication;Fabrication de produits informatiques, électroniques et optiques;Fabrication d'ordinateurs et d'équipements périphériques;-;-;Régulée EI;#OSE, #CriteresDePossibleInclusion, #MecanismeExemptionSecuriteNationale, #ResilienceEntiteCritique;R1610
Ne sait pas;France;Entreprise privée ou publique;Grande;Fabrication;Fabrication de produits informatiques, électroniques et optiques;Fabrication d'équipements de communication;-;-;Régulée EI;#OSE, #CriteresDePossibleInclusion, #MecanismeExemptionSecuriteNationale, #ResilienceEntiteCritique;R1611
Ne sait pas;France;Entreprise privée ou publique;Grande;Fabrication;Fabrication de produits informatiques, électroniques et optiques;Fabrication de produits électroniques grand public;-;-;Régulée EI;#OSE, #CriteresDePossibleInclusion, #MecanismeExemptionSecuriteNationale, #ResilienceEntiteCritique;R1612
Ne sait pas;France;Entreprise privée ou publique;Grande;Fabrication;Fabrication de produits informatiques, électroniques et optiques;"Fabrication d'instruments de mesure, d'essai et de navigation ; horlogerie";-;-;Régulée EI;#OSE, #CriteresDePossibleInclusion, #MecanismeExemptionSecuriteNationale, #ResilienceEntiteCritique;R1613
Ne sait pas;France;Entreprise privée ou publique;Grande;Fabrication;Fabrication de produits informatiques, électroniques et optiques;Fabrication d'équipements d'irradiation médicale, d'équipements électromédicaux et électrothérapeutiques;-;-;Régulée EI;#OSE, #CriteresDePossibleInclusion, #MecanismeExemptionSecuriteNationale, #ResilienceEntiteCritique;R1614
Ne sait pas;France;Entreprise privée ou publique;Grande;Fabrication;Fabrication de produits informatiques, électroniques et optiques;Fabrication de matériels optique et photographique et de supports magnétiques et optiques;-;-;Régulée EI;#OSE, #CriteresDePossibleInclusion, #MecanismeExemptionSecuriteNationale, #ResilienceEntiteCritique;R1615
Ne sait pas;France;Entreprise privée ou publique;Grande;Fabrication;Fabrication de produits informatiques, électroniques et optiques;Autre activité;-;-;Non régulée;#OSE, #CriteresDePossibleInclusion, #ResilienceEntiteCritique;R1616
Ne sait pas;France;Entreprise privée ou publique;Grande;Fabrication;Fabrication de machines et équipements n.c.a.;Fabrication de machines et équipements n.c.a.;-;-;Régulée EI;#OSE, #CriteresDePossibleInclusion, #MecanismeExemptionSecuriteNationale, #ResilienceEntiteCritique;R1617
Ne sait pas;France;Entreprise privée ou publique;Grande;Fabrication;Fabrication de machines et équipements n.c.a.;Fabrication de machines d'usage général - Fabrication de moteurs et turbines, à l'exception des moteurs d'avions et de véhicules - Fabrication d'équipements hydrauliques et pneumatiques - Fabrication d'autres pompes et compresseurs - Fabrication d'autres articles de robinetterie - Fabrication d'engrenages et d'organes mécaniques de transmission;-;-;Régulée EI;#OSE, #CriteresDePossibleInclusion, #MecanismeExemptionSecuriteNationale, #ResilienceEntiteCritique;R1618
Ne sait pas;France;Entreprise privée ou publique;Grande;Fabrication;Fabrication de machines et équipements n.c.a.;Fabrication d'autres machines d'usage général - Fabrication de fours et brûleurs et d'équipements fixes de chauffage domestique - Fabrication de matériel de levage et de manutention - Fabrication de machines et d'équipements de bureau (à l'exception des ordinateurs et équipements périphériques) - Fabrication d'outillage portatif à moteur incorporé - Fabrication d'équipements aérauliques et frigorifiques industriels - Fabrication de machines diverses d'usage général;-;-;Régulée EI;#OSE, #CriteresDePossibleInclusion, #MecanismeExemptionSecuriteNationale, #ResilienceEntiteCritique;R1619
Ne sait pas;France;Entreprise privée ou publique;Grande;Fabrication;Fabrication de machines et équipements n.c.a.;Fabrication de machines agricoles et forestières;-;-;Régulée EI;#OSE, #CriteresDePossibleInclusion, #MecanismeExemptionSecuriteNationale, #ResilienceEntiteCritique;R1620
Ne sait pas;France;Entreprise privée ou publique;Grande;Fabrication;Fabrication de machines et équipements n.c.a.;Fabrication de machines de formage des métaux et de machines-outils;-;-;Régulée EI;#OSE, #CriteresDePossibleInclusion, #MecanismeExemptionSecuriteNationale, #ResilienceEntiteCritique;R1621
Ne sait pas;France;Entreprise privée ou publique;Grande;Fabrication;Fabrication de machines et équipements n.c.a.;Fabrication d'autres machines d'usage spécifique - Fabrication de machines pour la métallurgie - Fabrication de machines pour l'extraction ou la construction - Fabrication de machines pour l'industrie agroalimentaire - Fabrication de machines pour les industries textiles et du cuir - Fabrication de machines pour les industries du papier et du carton - Fabrication de machines pour le travail du caoutchouc ou des plastiques - Fabrication de machines de fabrication additive - Fabrication d'autres machines d'usage spécifique n.c.a.;-;-;Régulée EI;#OSE, #CriteresDePossibleInclusion, #MecanismeExemptionSecuriteNationale, #ResilienceEntiteCritique;R1622
Ne sait pas;France;Entreprise privée ou publique;Grande;Fabrication;Fabrication de machines et équipements n.c.a.;Autre activité;-;-;Non régulée;#OSE, #CriteresDePossibleInclusion, #ResilienceEntiteCritique;R1623
Ne sait pas;France;Entreprise privée ou publique;Grande;Fabrication;Construction de véhicules automobiles, remorques et semi- remorques;Construction de véhicules automobiles;-;-;Régulée EI;#OSE, #CriteresDePossibleInclusion, #MecanismeExemptionSecuriteNationale, #ResilienceEntiteCritique;R1624
Ne sait pas;France;Entreprise privée ou publique;Grande;Fabrication;Construction de véhicules automobiles, remorques et semi- remorques;"Fabrication de carrosseries de véhicules automobiles; fabrication de remorques et de semi-remorques";-;-;Régulée EI;#OSE, #CriteresDePossibleInclusion, #MecanismeExemptionSecuriteNationale, #ResilienceEntiteCritique;R1625
Ne sait pas;France;Entreprise privée ou publique;Grande;Fabrication;Construction de véhicules automobiles, remorques et semi- remorques;Fabrication d'équipements automobiles - Fabrication d'équipements électriques et électroniques automobiles - Fabrication d'autres équipements automobiles;-;-;Régulée EI;#OSE, #CriteresDePossibleInclusion, #MecanismeExemptionSecuriteNationale, #ResilienceEntiteCritique;R1626
Ne sait pas;France;Entreprise privée ou publique;Grande;Fabrication;Construction de véhicules automobiles, remorques et semi- remorques;Autre activité;-;-;Non régulée;#OSE, #CriteresDePossibleInclusion, #ResilienceEntiteCritique;R1627
Ne sait pas;France;Entreprise privée ou publique;Grande;Fabrication;Fabrication d'autres matériels de transport;Construction navale;-;-;Régulée EI;#OSE, #CriteresDePossibleInclusion, #MecanismeExemptionSecuriteNationale, #ResilienceEntiteCritique;R1628
Ne sait pas;France;Entreprise privée ou publique;Grande;Fabrication;Fabrication d'autres matériels de transport;Construction de navires et de structures flottantes civiles;-;-;Régulée EI;#OSE, #CriteresDePossibleInclusion, #MecanismeExemptionSecuriteNationale, #ResilienceEntiteCritique;R1629
Ne sait pas;France;Entreprise privée ou publique;Grande;Fabrication;Fabrication d'autres matériels de transport;Construction de bateaux de plaisance;-;-;Régulée EI;#OSE, #CriteresDePossibleInclusion, #MecanismeExemptionSecuriteNationale, #ResilienceEntiteCritique;R1630
Ne sait pas;France;Entreprise privée ou publique;Grande;Fabrication;Fabrication d'autres matériels de transport;Construction de bateaux et navires militaires;-;-;Régulée EI;#OSE, #CriteresDePossibleInclusion, #MecanismeExemptionSecuriteNationale, #ResilienceEntiteCritique;R1631
Ne sait pas;France;Entreprise privée ou publique;Grande;Fabrication;Fabrication d'autres matériels de transport;Construction de locomotives et d'autre matériel ferroviaire roulant;-;-;Régulée EI;#OSE, #CriteresDePossibleInclusion, #MecanismeExemptionSecuriteNationale, #ResilienceEntiteCritique;R1632
Ne sait pas;France;Entreprise privée ou publique;Grande;Fabrication;Fabrication d'autres matériels de transport;Construction aéronautique et spatiale - Construction aéronautique et spatiale civile - Construction aéronautique et spatiale militaire;-;-;Régulée EI;#OSE, #CriteresDePossibleInclusion, #MecanismeExemptionSecuriteNationale, #ResilienceEntiteCritique;R1633
Ne sait pas;France;Entreprise privée ou publique;Grande;Fabrication;Fabrication d'autres matériels de transport;Construction de véhicules militaires de combat;-;-;Régulée EI;#OSE, #CriteresDePossibleInclusion, #MecanismeExemptionSecuriteNationale, #ResilienceEntiteCritique;R1634
Ne sait pas;France;Entreprise privée ou publique;Grande;Fabrication;Fabrication d'autres matériels de transport;Fabrication de matériels de transport n.c.a. - Fabrication de motocycles - Fabrication de bicyclettes et de véhicules pour invalides - Fabrication d'autres équipements de transport n.c.a.;-;-;Régulée EI;#OSE, #CriteresDePossibleInclusion, #MecanismeExemptionSecuriteNationale, #ResilienceEntiteCritique;R1635
Ne sait pas;France;Entreprise privée ou publique;Grande;Fabrication;Fabrication d'autres matériels de transport;Autre activité;-;-;Non régulée;#OSE, #CriteresDePossibleInclusion, #ResilienceEntiteCritique;R1636
Ne sait pas;France;Entreprise privée ou publique;Grande;Fabrication;Autre sous-secteur;-;-;-;Non régulée;#OSE, #CriteresDePossibleInclusion, #ResilienceEntiteCritique;R1637
Ne sait pas;France;Entreprise privée ou publique;Grande;Fabrication, production et distribution de produits chimiques;-;Entreprises procédant à la fabrication de substances et à la distribution de substances ou de mélanges et entreprises procédant à la production d'articles, à partir de substances ou de mélanges;-;-;Régulée EI;#OSE, #CriteresDePossibleInclusion, #MecanismeExemptionSecuriteNationale, #ResilienceEntiteCritique;R1638
Ne sait pas;France;Entreprise privée ou publique;Grande;Fabrication, production et distribution de produits chimiques;-;Autre activité;-;-;Non régulée;#OSE, #CriteresDePossibleInclusion, #ResilienceEntiteCritique;R1639
Ne sait pas;France;Entreprise privée ou publique;Grande;Gestion des déchets;-;Entreprises exécutant des opérations de gestion des déchets, à l'exclusion des entreprises pour lesquelles la gestion des déchets n'est pas la principale activité économique;-;-;Régulée EI;#OSE, #CriteresDePossibleInclusion, #MecanismeExemptionSecuriteNationale, #ResilienceEntiteCritique;R1640
Ne sait pas;France;Entreprise privée ou publique;Grande;Gestion des déchets;-;Autre activité;-;-;Non régulée;#OSE, #CriteresDePossibleInclusion, #ResilienceEntiteCritique;R1641
Ne sait pas;France;Entreprise privée ou publique;Grande;Infrastructure des marchés financiers;-;Exploitants de plates-formes de négociation;-;-;Régulée EE;#MecanismeExemptionSecuriteNationale, #DORA;R1642
Ne sait pas;France;Entreprise privée ou publique;Grande;Infrastructure des marchés financiers;-;Contreparties centrales;-;-;Régulée EE;#MecanismeExemptionSecuriteNationale, #DORA;R1643
Ne sait pas;France;Entreprise privée ou publique;Grande;Infrastructure des marchés financiers;-;Autre activité;-;-;Non régulée;#OSE, #CriteresDePossibleInclusion, #DORA, #ResilienceEntiteCritique;R1644
Ne sait pas;France;Entreprise privée ou publique;Grande;Production transformation et distribution de denrées alimentaires;-;Entreprises du secteur alimentaire qui exercent des activités de distribution en gros ainsi que de production et de transformation industrielles;-;-;Régulée EI;#OSE, #CriteresDePossibleInclusion, #MecanismeExemptionSecuriteNationale, #ResilienceEntiteCritique;R1645
Ne sait pas;France;Entreprise privée ou publique;Grande;Production transformation et distribution de denrées alimentaires;-;Autre activité;-;-;Non régulée;#OSE, #CriteresDePossibleInclusion, #ResilienceEntiteCritique;R1646
Ne sait pas;France;Entreprise privée ou publique;Grande;Recherche;-;Organismes de recherche;-;-;Régulée EI;#OSE, #CriteresDePossibleInclusion, #MecanismeExemptionSecuriteNationale, #ResilienceEntiteCritique;R1647
Ne sait pas;France;Entreprise privée ou publique;Grande;Recherche;-;Autre activité;-;-;Non régulée;#OSE, #CriteresDePossibleInclusion, #ResilienceEntiteCritique;R1648
Ne sait pas;France;Entreprise privée ou publique;Grande;Santé;-;Prestataires de soins de santé;-;-;Régulée EE;#MecanismeExemptionSecuriteNationale;R1649
Ne sait pas;France;Entreprise privée ou publique;Grande;Santé;-;Laboratoires de référence de l'Union européenne;-;-;Régulée EE;#MecanismeExemptionSecuriteNationale;R1650
Ne sait pas;France;Entreprise privée ou publique;Grande;Santé;-;Entités exerçant des activités de recherche et de développement dans le domaine des médicaments;-;-;Régulée EE;#MecanismeExemptionSecuriteNationale;R1651
Ne sait pas;France;Entreprise privée ou publique;Grande;Santé;-;Entités fabriquant des produits pharmaceutiques de base et des préparations pharmaceutiques;-;-;Régulée EE;#MecanismeExemptionSecuriteNationale;R1652
Ne sait pas;France;Entreprise privée ou publique;Grande;Santé;-;Entités fabriquant des dispositifs médicaux considérés comme critiques en cas d'urgence de santé publique;-;-;Régulée EE;#MecanismeExemptionSecuriteNationale;R1653
Ne sait pas;France;Entreprise privée ou publique;Grande;Santé;-;Autre activité;-;-;Non régulée;#OSE, #CriteresDePossibleInclusion, #ResilienceEntiteCritique;R1654
Ne sait pas;France;Entreprise privée ou publique;Grande;Services postaux et d'expédition;-;Prestataires de services postaux, y compris les prestataires de services d'expédition;-;-;Régulée EI;#OSE, #CriteresDePossibleInclusion, #MecanismeExemptionSecuriteNationale, #ResilienceEntiteCritique;R1655
Ne sait pas;France;Entreprise privée ou publique;Grande;Services postaux et d'expédition;-;Autre activité;-;-;Non régulée;#OSE, #CriteresDePossibleInclusion, #ResilienceEntiteCritique;R1656
Ne sait pas;France;Entreprise privée ou publique;Grande;Transports;Aériens;Transporteurs aériens à des fins commerciales;-;-;Régulée EE;#MecanismeExemptionSecuriteNationale;R1657
Ne sait pas;France;Entreprise privée ou publique;Grande;Transports;Aériens;Entités gestionnaires d'aéroports, aéroports, y compris les aéroports du réseau central, et entités exploitant les installations annexes se trouvant dans les aéroports;-;-;Régulée EE;#MecanismeExemptionSecuriteNationale;R1658
Ne sait pas;France;Entreprise privée ou publique;Grande;Transports;Aériens;Services du contrôle de la circulation aérienne;-;-;Régulée EE;#MecanismeExemptionSecuriteNationale;R1659
Ne sait pas;France;Entreprise privée ou publique;Grande;Transports;Aériens;Autre activité;-;-;Non régulée;#OSE, #CriteresDePossibleInclusion, #ResilienceEntiteCritique;R1660
Ne sait pas;France;Entreprise privée ou publique;Grande;Transports;Ferroviaires;Gestionnaires des infrastructures;-;-;Régulée EE;#MecanismeExemptionSecuriteNationale;R1661
Ne sait pas;France;Entreprise privée ou publique;Grande;Transports;Ferroviaires;Entreprises ferroviaires, y compris les exploitants d'installation de service;-;-;Régulée EE;#MecanismeExemptionSecuriteNationale;R1662
Ne sait pas;France;Entreprise privée ou publique;Grande;Transports;Ferroviaires;Autre activité;-;-;Non régulée;#OSE, #CriteresDePossibleInclusion, #ResilienceEntiteCritique;R1663
Ne sait pas;France;Entreprise privée ou publique;Grande;Transports;Par eau;Sociétés de transport par voie d'eau intérieure, maritime et côtier de passagers et de fret, à l'exclusion des navires exploités à titre individuel par ces sociétés;-;-;Régulée EE;#MecanismeExemptionSecuriteNationale;R1664
Ne sait pas;France;Entreprise privée ou publique;Grande;Transports;Par eau;Entités gestionnaires des ports, y compris les installations portuaires, ainsi que les entités exploitant des infrastructures et des équipements à l'intérieur des ports;-;-;Régulée EE;#MecanismeExemptionSecuriteNationale;R1665
Ne sait pas;France;Entreprise privée ou publique;Grande;Transports;Par eau;Exploitants de services de trafic maritime (STM);-;-;Régulée EE;#MecanismeExemptionSecuriteNationale;R1666
Ne sait pas;France;Entreprise privée ou publique;Grande;Transports;Par eau;Autre activité;-;-;Non régulée;#OSE, #CriteresDePossibleInclusion, #ResilienceEntiteCritique;R1667
Ne sait pas;France;Entreprise privée ou publique;Grande;Transports;Routiers;Autorités routières chargées du contrôle de la gestion de la circulation, à l'exclusion des entités publiques pour lesquelles la gestion de la circulation ou l'exploitation de systèmes de transport intelligents constituent une partie non essentielle de leur activité générale;-;-;Régulée EE;#MecanismeExemptionSecuriteNationale;R1668
Ne sait pas;France;Entreprise privée ou publique;Grande;Transports;Routiers;Exploitants de systèmes de transport intelligents;-;-;Régulée EE;#MecanismeExemptionSecuriteNationale;R1669
Ne sait pas;France;Entreprise privée ou publique;Grande;Transports;Routiers;Autre activité;-;-;Non régulée;#OSE, #CriteresDePossibleInclusion, #ResilienceEntiteCritique;R1670
Ne sait pas;France;Entreprise privée ou publique;Grande;Transports;Autre sous-secteur;-;-;-;Non régulée;#OSE, #CriteresDePossibleInclusion, #ResilienceEntiteCritique;R1671
Ne sait pas;France;Entreprise privée ou publique;Grande;Autre secteur d'activité;-;-;-;-;Non régulée;#OSE;R1672
